0,0,9,softball bat,softball.bat,,,,12,100.0,0,1.01,9.77237220956,1023.29299228,0,0.273999929428,1248104100.72
0,1,3,tiara,tiara,,,,19.99,100.0,0,1.01,9.77237220956,1023.29299228,0,0.322999954224,1248104101.05
0,2,19,hiking boots,hiking.boots,,,,190,100.0,0,1.01,9.77237220956,1023.29299228,0,1.007999897,1248104102.06
0,3,25,pedometer,pedometer,,,,32,100.0,0,1.01,9.77237220956,1023.29299228,0,0.509999990463,1248104102.57
0,4,29,pepper mill,pepper.mill,,,,38,100.0,0,1.01,9.77237220956,1023.29299228,0,0.105999946594,1248104102.68
0,5,48,swiss army knife,swiss.army.knife,,,,52,100.0,0,1.01,9.77237220956,1023.29299228,0,0.137999773026,1248104102.82
0,6,50,silk tie,silk.tie,,,,4,100.0,0,1.01,9.77237220956,1023.29299228,0,0.133999824524,1248104102.96
0,7,6,Tennis Bracelet,tennis.bracelet,,,,75,100.0,0,1.01,9.77237220956,1023.29299228,0,0.115000009537,1248104103.08
0,8,45,mini trampoline,mini.trampoline,,,,39.99,100.0,0,1.01,9.77237220956,1023.29299228,0,0.264999866486,1248104103.35
0,9,35,dog bed,dog.bed,,,,23.93,100.0,0,1.01,9.77237220956,1023.29299228,0,0.128999948502,1248104103.48
0,0,12,bath pillow,bath.pillow,,,,19.99,12.3536950042,8.1,0.2,7.7946545944,19.579287114,0,26.6529998779,1248115347.91
0,1,36,computer printer,computer.printer,,,,829.99,218.697465501,7.71,0.239,126.13736373,379.178539984,0,30.0490000248,1248115377.96
0,2,1,paper lantern,paper.lantern,,,,4.99,10.5071365172,6.17,0.393,4.25093412565,25.9707430246,0,20.6519999504,1248115398.62
0,3,40,water cooler,water.cooler,,,,99.99,85.0525815444,6.84,0.326,40.1501803112,180.172083196,0,9.81200003624,1248115408.43
0,4,14,window blinds,window.blinds,,,,29.99,90.988053646,3.87,0.623,21.676261168,381.930529537,0,9.25900006294,1248115417.7
0,5,15,inflatable kayak,inflatable.kayak,,,,399.99,85.0525815444,4.97,0.513,26.1028242929,277.132525821,0,15.3900001049,1248115433.1
0,6,48,swiss army knife,swiss.army.knife,,,,25,183.515129705,6.99,0.311,89.6751011055,375.553552943,0,16.2599999905,1248115449.36
0,7,2,car amplifier,car.amplifier,,,,729.99,72.3394162737,5.26,0.484,23.7342219859,220.482944413,0,23.3389999866,1248115472.7
0,8,5,Braided Rug,braided.rug,,,,299,87.3788349853,6.38,0.372,37.1027628096,205.78146276,0,9.08800005913,1248115481.8
0,9,28,croquet set,croquet.set,,,,49.99,125.779358382,8.5,0.16,87.0180556307,181.806486944,0,10.9979999065,1248115492.8
0,0,28,croquet set,croquet.set,,,,4999.99,71.3699882078,3.57,0.653,15.8677600678,321.007829398,0,5.44199991226,1248118005.73
0,1,40,water cooler,water.cooler,,,,49.99,68.5389583865,4.6,0.55,19.3169030443,243.185401197,4.6,3.87600016594,1248118009.61
0,2,48,swiss army knife,swiss.army.knife,,,,25.0,171.543789634,4.78,0.532,50.3935553915,583.949108839,0,5.38100004196,1248118015.0
0,3,18,exercice mat,exercise.mat,,,,15.99,18.0243401637,3.66,0.644,4.0912816216,79.4071072062,3.66,6.97299981117,1248118021.97
0,4,37,sports watch,sports.watch,,,,49.97,32.1967844425,4.22,0.588,8.31404747323,124.684509173,4.22,3.87099981308,1248118025.85
0,5,39,aviator sunglasses,aviator.sunglasses,,,,119.99,34.9115193717,2.77,0.733,6.4560777215,188.785550209,2.77,6.75199985504,1248118032.61
0,6,2,car amplifier,car.amplifier,,,,148.47,120.790074743,3.4,0.67,25.8244600588,564.977626758,3.4,3.32999992371,1248118035.94
0,7,21,men's dress shirt,mens.dress.shirt,,,,60.0,42.1696503429,3.74,0.636,9.74989637717,182.389570232,3.74,3.78299999237,1248118039.73
0,8,44,leather wallet,leather.wallet,,,,39.95,78.4388558145,4.49,0.561,21.5541673269,285.450790475,4.49,5.37800002098,1248118045.11
0,9,50,silk tie,silk.tie,,,,29.0,100.0,5,0.51,30.9029543251,323.59365693,0,0.429999828339,1248118045.59
0,0,43,sewing machine,sewing.machine,,,,429.0,100.0,5,0.51,30.9029543251,323.59365693,0,1.15499997139,1248124836.71
0,1,38,pearl necklace strand,pearl.necklace.strand,,,,229.0,100.0,5,0.51,30.9029543251,323.59365693,5,0.419000148773,1248124837.13
0,2,33,ice cream maker,ice.cream.maker,,,,41.99,100.0,5,0.51,30.9029543251,323.59365693,5,0.409999847412,1248124837.55
0,3,48,swiss army knife,swiss.army.knife,,,,52.0,100.0,5,0.51,30.9029543251,323.59365693,5,0.484000205994,1248124838.04
0,4,42,typewriter,typewriter,,,,118.92,100.0,5,0.51,30.9029543251,323.59365693,5,0.348000049591,1248124838.39
0,5,35,dog bed,dog.bed,,,,64.99,100.0,5,0.51,30.9029543251,323.59365693,5,0.413000106812,1248124838.81
0,6,21,men's dress shirt,mens.dress.shirt,,,,24.5,100.0,5,0.51,30.9029543251,323.59365693,0,0.486999988556,1248124839.3
0,7,29,pepper mill,pepper.mill,,,,28.0,100.0,5,0.51,30.9029543251,323.59365693,0,0.31500005722,1248124839.62
0,8,13,bathroom scale,bathroom.scale,,,,43.99,100.0,5,0.51,30.9029543251,323.59365693,5,0.263000011444,1248124839.89
0,9,12,bath pillow,bath.pillow,,,,29.99,100.0,5,0.51,30.9029543251,323.59365693,0,0.25,1248124840.14
0,0,43,sewing machine,sewing.machine,,,,198.66,169.244913409,6.04,0.406,66.4531580923,431.038065567,6.04,11.0220000744,1248191133.0
0,1,5,Braided Rug,braided.rug,,,,65.0,48.9162465182,4.9,0.52,14.7724702828,161.976915683,4.9,5.30599999428,1248191138.32
0,2,7,Samurai Sword,samurai.sword,,,,46.92,125.779358382,3.52,0.658,27.6445404611,572.281062769,3.52,6.73399996758,1248191145.06
0,3,2,car amplifier,car.amplifier,,,,599.99,136.384691289,4.44,0.566,37.0480731087,502.071564249,0,4.29399991035,1248191149.36
0,4,13,bathroom scale,bathroom.scale,,,,29.95,45.7252669897,3.91,0.619,10.994013097,190.176237087,3.91,5.14899992943,1248191154.51
0,5,27,rice cooker,rice.cooker,,,,99.99,42.1696503429,5.59,0.451,14.9279440958,119.124200803,5.59,5.98200011253,1248191160.5
0,6,36,computer printer,computer.printer,,,,50.99,143.947167987,6.0,0.41,56.0019468411,370.001193536,0,20.760999918,1248191181.26
0,7,46,snowshoes,snowshoes,,,,139.95,64.9381631576,4.51,0.559,17.9266855237,235.233949339,4.51,10.3039999008,1248191191.57
0,8,50,silk tie,silk.tie,,,,169.0,45.1124979155,3.27,0.683,9.3604531731,217.418690157,3.27,6.55500006676,1248191198.13
0,9,29,pepper mill,pepper.mill,,,,28.0,15.1247254531,6.61,0.349,6.77154080737,33.78216665,6.61,25.5220000744,1248191223.66
0,0,15,inflatable kayak,inflatable.kayak,,,,59.95,100.0,5,0.51,30.9029543251,323.59365693,5,1.71600008011,1248208238.28
0,1,32,diamond solitaire ring,diamond.solitaire.ring,,,,199.0,100.0,5,0.51,30.9029543251,323.59365693,5,0.282999992371,1248208238.59
0,2,28,croquet set,croquet.set,,,,1598.99,100.0,5,0.51,30.9029543251,323.59365693,0,0.194000005722,1248208238.82
0,3,17,hair dryer,hair.dryer,,,,45.95,100.0,5,0.51,30.9029543251,323.59365693,5,0.182999849319,1248208239.02
0,4,2,car amplifier,car.amplifier,,,,799.99,100.0,5,0.51,30.9029543251,323.59365693,0,0.149999856949,1248208239.19
0,5,10,bread box,bread.box,,,,39.99,100.0,5,0.51,30.9029543251,323.59365693,5,0.171000003815,1248208239.38
0,6,7,Samurai Sword,samurai.sword,,,,20.0,100.0,5,0.51,30.9029543251,323.59365693,0,0.148000001907,1248208239.54
0,7,47,adirondack chair,adirondack.chair,,,,68.0,100.0,5,0.51,30.9029543251,323.59365693,5,0.169000148773,1248208239.72
0,8,49,breadmaker,breadmaker,,,,59.6,100.0,5,0.51,30.9029543251,323.59365693,5,0.130000114441,1248208239.87
0,9,12,bath pillow,bath.pillow,,,,6.99,100.0,5,0.51,30.9029543251,323.59365693,0,0.109999895096,1248208240.0
0,10,37,sports watch,sports.watch,,,,17.99,100.0,5,0.51,30.9029543251,323.59365693,0,0.134999990463,1248208240.16
0,11,46,snowshoes,snowshoes,,,,207.96,100.0,5,0.51,30.9029543251,323.59365693,5,0.166000127792,1248208240.33
0,12,22,egg cooker,egg.cooker,,,,29.99,100.0,5,0.51,30.9029543251,323.59365693,0,0.273999929428,1248208240.63
0,13,16,hammock stand,hammock.stand,,,,49.99,100.0,5,0.51,30.9029543251,323.59365693,5,0.172999858856,1248208240.84
0,14,44,leather wallet,leather.wallet,,,,14.99,100.0,5,0.51,30.9029543251,323.59365693,0,0.229000091553,1248208241.08
0,15,29,pepper mill,pepper.mill,,,,80.0,100.0,5,0.51,30.9029543251,323.59365693,5,0.157999992371,1248208241.29
0,16,9,softball bat,softball.bat,,,,12.0,100.0,5,0.51,30.9029543251,323.59365693,0,0.230999946594,1248208241.53
0,17,19,hiking boots,hiking.boots,,,,89.99,100.0,5,0.51,30.9029543251,323.59365693,5,0.203999996185,1248208241.76
0,18,45,mini trampoline,mini.trampoline,,,,114.95,100.0,5,0.51,30.9029543251,323.59365693,5,0.180000066757,1248208241.96
0,19,8,legwarmers,legwarmers,,,,12.0,100.0,5,0.51,30.9029543251,323.59365693,0,0.174999952316,1248208242.16
0,20,36,computer printer,computer.printer,,,,105.95,100.0,5,0.51,30.9029543251,323.59365693,5,0.131000041962,1248208242.34
0,21,5,Braided Rug,braided.rug,,,,60.0,100.0,5,0.51,30.9029543251,323.59365693,5,0.266000032425,1248208242.63
0,22,26,life jacket,life.jacket,,,,19.97,100.0,5,0.51,30.9029543251,323.59365693,0,0.157999992371,1248208242.8
0,23,31,rolling chair,rolling.chair,,,,44.99,100.0,5,0.51,30.9029543251,323.59365693,5,0.141999959946,1248208242.96
0,24,41,men's leather belt,mens.leather.belt,,,,9.99,100.0,5,0.51,30.9029543251,323.59365693,0,0.126999855042,1248208243.12
0,25,14,window blinds,window.blinds,,,,149.99,100.0,5,0.51,30.9029543251,323.59365693,5,0.0859999656677,1248208243.23
0,26,30,dart board,dart.board,,,,113.25,100.0,5,0.51,30.9029543251,323.59365693,5,0.15499997139,1248208243.4
0,27,27,rice cooker,rice.cooker,,,,44.99,100.0,5,0.51,30.9029543251,323.59365693,5,0.128000020981,1248208243.55
0,28,3,tiara,tiara,,,,60.0,100.0,5,0.51,30.9029543251,323.59365693,5,0.123000144958,1248208243.69
0,29,38,pearl necklace strand,pearl.necklace.strand,,,,14.99,100.0,5,0.51,30.9029543251,323.59365693,0,0.0820000171661,1248208243.79
0,30,48,swiss army knife,swiss.army.knife,,,,279.99,100.0,5,0.51,30.9029543251,323.59365693,5,0.118999958038,1248208243.92
0,31,4,Foosball table,foosball.table,,,,250.0,100.0,5,0.51,30.9029543251,323.59365693,5,0.114000082016,1248208244.08
0,32,42,typewriter,typewriter,,,,151.99,100.0,5,0.51,30.9029543251,323.59365693,5,0.141000032425,1248208244.24
0,0,41,men's leather belt,mens.leather.belt,,,,9.99,100.0,5,0.51,30.9029543251,323.59365693,0,6.58200001717,1248208728.27
0,1,45,mini trampoline,mini.trampoline,,,,25.99,100.0,5,0.51,30.9029543251,323.59365693,0,0.982000112534,1248208729.25
0,2,27,rice cooker,rice.cooker,,,,44.99,100.0,5,0.51,30.9029543251,323.59365693,5,0.141000032425,1248208729.4
0,3,14,window blinds,window.blinds,,,,34.99,100.0,5,0.51,30.9029543251,323.59365693,5,0.144000053406,1248208729.55
0,4,18,exercice mat,exercise.mat,,,,24.96,100.0,5,0.51,30.9029543251,323.59365693,0,0.120000123978,1248208729.68
0,5,3,tiara,tiara,,,,12.42,100.0,5,0.51,30.9029543251,323.59365693,0,0.0820000171661,1248208729.76
0,6,40,water cooler,water.cooler,,,,146.9,100.0,5,0.51,30.9029543251,323.59365693,5,0.134999990463,1248208729.9
0,7,31,rolling chair,rolling.chair,,,,139.95,100.0,5,0.51,30.9029543251,323.59365693,5,0.768000125885,1248208730.67
0,8,21,men's dress shirt,mens.dress.shirt,,,,39.0,100.0,5,0.51,30.9029543251,323.59365693,5,0.186000108719,1248208730.87
0,9,43,sewing machine,sewing.machine,,,,79.99,100.0,5,0.51,30.9029543251,323.59365693,5,0.108999967575,1248208730.98
0,10,46,snowshoes,snowshoes,,,,59.98,100.0,5,0.51,30.9029543251,323.59365693,5,0.109999895096,1248208731.09
0,11,13,bathroom scale,bathroom.scale,,,,69.99,100.0,5,0.51,30.9029543251,323.59365693,5,0.134000062943,1248208731.23
0,12,50,silk tie,silk.tie,,,,48.0,100.0,5,0.51,30.9029543251,323.59365693,5,0.131000041962,1248208731.37
0,13,5,Braided Rug,braided.rug,,,,60.0,100.0,5,0.51,30.9029543251,323.59365693,5,0.108000040054,1248208731.48
0,14,33,ice cream maker,ice.cream.maker,,,,33.0,100.0,5,0.51,30.9029543251,323.59365693,5,0.131999969482,1248208731.62
0,15,29,pepper mill,pepper.mill,,,,50.0,100.0,5,0.51,30.9029543251,323.59365693,5,0.139000177383,1248208731.76
0,16,24,42 inch ceiling fan,42.inch.ceiling.fan,,,,79.96,100.0,5,0.51,30.9029543251,323.59365693,5,0.0989999771118,1248208731.86
0,17,38,pearl necklace strand,pearl.necklace.strand,,,,175.0,100.0,5,0.51,30.9029543251,323.59365693,5,0.15299987793,1248208732.02
0,18,10,bread box,bread.box,,,,29.99,100.0,5,0.51,30.9029543251,323.59365693,0,0.121000051498,1248208732.15
0,19,25,pedometer,pedometer,,,,49.95,100.0,5,0.51,30.9029543251,323.59365693,5,0.128999948502,1248208732.28
0,20,17,hair dryer,hair.dryer,,,,96.95,100.0,5,0.51,30.9029543251,323.59365693,5,0.128000020981,1248208732.41
0,21,23,salad spinner,salad.spinner,,,,33.46,100.0,5,0.51,30.9029543251,323.59365693,5,0.138000011444,1248208732.56
0,22,19,hiking boots,hiking.boots,,,,129.95,100.0,5,0.51,30.9029543251,323.59365693,5,0.126999855042,1248208732.69
0,23,47,adirondack chair,adirondack.chair,,,,144.0,100.0,5,0.51,30.9029543251,323.59365693,5,0.163000106812,1248208732.86
0,24,35,dog bed,dog.bed,,,,64.99,100.0,5,0.51,30.9029543251,323.59365693,5,0.12700009346,1248208732.99
0,25,1,paper lantern,paper.lantern,,,,0.89,100.0,5,0.51,30.9029543251,323.59365693,0,0.108000040054,1248208733.1
0,26,32,diamond solitaire ring,diamond.solitaire.ring,,,,1699.99,100.0,5,0.51,30.9029543251,323.59365693,0,0.127999782562,1248208733.23
0,27,30,dart board,dart.board,,,,159.95,100.0,5,0.51,30.9029543251,323.59365693,5,0.15099978447,1248208733.39
0,28,4,Foosball table,foosball.table,,,,380.0,100.0,5,0.51,30.9029543251,323.59365693,0,0.291999816895,1248208733.69
0,29,22,egg cooker,egg.cooker,,,,19.99,100.0,5,0.51,30.9029543251,323.59365693,0,0.130000114441,1248208733.83
0,30,39,aviator sunglasses,aviator.sunglasses,,,,119.0,100.0,5,0.51,30.9029543251,323.59365693,5,0.114000082016,1248208733.94
0,31,26,life jacket,life.jacket,,,,136.0,100.0,5,0.51,30.9029543251,323.59365693,5,0.105000019073,1248208734.05
0,32,15,inflatable kayak,inflatable.kayak,,,,399.99,100.0,5,0.51,30.9029543251,323.59365693,0,0.126999855042,1248208734.18
0,33,44,leather wallet,leather.wallet,,,,19.99,100.0,5,0.51,30.9029543251,323.59365693,0,0.130000114441,1248208734.32
0,34,49,breadmaker,breadmaker,,,,80.0,100.0,5,0.51,30.9029543251,323.59365693,5,0.107000112534,1248208734.43
0,0,24,42 inch ceiling fan,42.inch.ceiling.fan,,,,43.58,100.0,5,0.51,30.9029543251,323.59365693,5,0.450999975204,1248358328.21
0,1,35,dog bed,dog.bed,,,,89.0,100.0,5,0.51,30.9029543251,323.59365693,5,0.289999961853,1248358328.52
0,2,43,sewing machine,sewing.machine,,,,109.99,100.0,5,0.51,30.9029543251,323.59365693,5,0,1248358328.87
