0,0,26,life jacket,life.jacket,45,dented packaging,-1,29.93,80.5842187761,7.7,0.24,46.3713778029,140.039322173,7.7,48.2219998837,1221415301.08
0,1,29,pepper mill,pepper.mill,23,made in the USA,1,24.95,70.4135515486,7.42,0.268,37.9888590295,130.513744512,7.42,15.9329998493,1221415317.02
0,2,49,breadmaker,breadmaker,39,utilitarian,-1,67.5,153.992652606,7.45,0.265,83.6565595756,283.465363349,7.45,11.614000082,1221415328.64
0,3,42,typewriter,typewriter,29,closeout,-1,88.15,30.9196361734,6.56,0.354,13.684671448,69.8609319724,6.56,9.39500021935,1221415338.04
0,4,25,pedometer,pedometer,6,top of the line,1,24.95,138.237222736,7.98,0.212,84.8447550147,225.229358567,7.98,8.71099996567,1221415346.75
0,5,3,tiara,tiara,16,used by Tiger Woods,1,15.95,173.873891802,6.58,0.352,77.3097688915,391.051877191,6.58,13.6900000572,1221415360.45
0,6,23,salad spinner,salad.spinner,19,recommended by Consumer Reports,1,22.95,38.8905199928,8.05,0.205,24.2573720895,62.35104692,8.05,11.7880001068,1221415372.24
0,7,31,rolling chair,rolling.chair,43,overstock,-1,109.99,51.6286328641,7.19,0.291,26.4174336303,100.899874254,7.19,10.8299999237,1221415383.08
0,8,16,hammock stand,hammock.stand,30,generic,-1,120,71.3699882078,7.77,0.233,41.7364614094,122.043772873,7.77,20.0399999619,1221415403.12
0,9,27,rice cooker,rice.cooker,25,made in Italy,1,148,198.988567232,6.43,0.367,85.4728381361,463.263543749,6.43,9.89800000191,1221415413.03
0,10,7,Samurai Sword,samurai.sword,9,elegant and luxurious,1,50.46,3475.48665287,6.46,0.364,1503.19604694,8035.55031882,6.46,6.08800005913,1221415419.12
0,11,12,bath pillow,bath.pillow,47,refurbished,-1,39.99,3.33762469429,9.6,0.05,2.97466113993,3.74487650053,9.6,7.48600006104,1221415426.61
0,12,34,basketball,basketball,49,used,-1,6.99,5.13969680077,7.63,0.247,2.91029826234,9.07689893702,7.63,8.5,1221415435.12
0,13,46,snowshoes,snowshoes,21,recommended by the New York Times,1,98.95,233.959467919,7.7,0.24,134.629621559,406.574957243,7.7,9.05200004578,1221415444.18
0,14,48,swiss army knife,swiss.army.knife,14,newly redesigned,1,16,218.697465501,7.42,0.268,117.989605755,405.362668267,7.42,6.8259999752,1221415451.01
0,15,6,Tennis Bracelet,tennis.bracelet,32,markdown,-1,32,108.431695824,6.11,0.399,43.266946839,271.741676226,6.11,6.76399993896,1221415457.78
0,16,18,exercice mat,exercise.mat,7,custom designed,1,50,65.8202268863,6.77,0.333,30.5745008073,141.696582216,6.77,7.01800012589,1221415464.8
0,17,33,ice cream maker,ice.cream.maker,18,used by Michael Jordan,1,28.95,48.9162465182,8.42,0.168,33.2240923292,72.0200013208,8.42,14.2869999409,1221415479.09
0,18,22,egg cooker,egg.cooker,42,bad reviews,-1,21.99,12.8639694494,6.95,0.315,6.22837854483,26.5689872257,6.95,5.87699985504,1221415484.97
0,19,47,adirondack chair,adirondack.chair,20,recommended by the New Yorker,1,279.99,191.095297497,8.27,0.183,125.386274865,291.239314388,8.27,8.05900001526,1221415493.04
0,20,2,car amplifier,car.amplifier,28,on sale,-1,110.99,64.067920057,7.4,0.27,34.4065101979,119.300049811,7.4,4.53199982643,1221415497.58
0,21,17,hair dryer,hair.dryer,24,made in Germany,1,19.44,19.8095677855,7.1,0.3,9.92830247777,39.5252840782,7.1,7.47199988365,1221415505.05
0,22,4,Foosball table,foosball.table,12,modern,1,250,227.73085412,8.03,0.207,141.391035462,366.793706184,8.03,12.2660000324,1221415517.33
0,23,41,men's leather belt,mens.leather.belt,50,previously owned,-1,19.98,11.0897530435,6.63,0.347,4.9879475147,24.6559576265,6.63,6.63100004196,1221415523.96
0,24,13,bathroom scale,bathroom.scale,10,innovative and fashionable,1,29.95,48.9162465182,7.51,0.259,26.9434450615,88.8082117178,7.51,14.129999876,1221415538.1
0,25,30,dart board,dart.board,48,minor defects,-1,119.95,9.82171889188,7.77,0.233,5.74364381723,16.7952897256,7.77,6.00200009346,1221415544.11
0,26,21,men's dress shirt,mens.dress.shirt,44,aftermarket,-1,60,23.6073302202,7.47,0.263,12.8838860471,43.2560516362,7.47,8.36400008202,1221415552.48
0,27,40,water cooler,water.cooler,40,common,-1,99.99,127.487836177,6.46,0.364,55.1402524353,294.760137201,6.46,7.24500012398,1221415559.73
0,28,9,softball bat,softball.bat,2,hand-made,1,85.99,218.697465501,7.76,0.234,127.597965564,374.838119129,7.76,11.2039999962,1221415570.93
0,29,43,sewing machine,sewing.machine,17,used by Michael Phelps,1,429,310.590022362,7.55,0.255,172.658315697,558.711357757,7.55,22.0780000687,1221415593.02
0,30,32,diamond solitaire ring,diamond.solitaire.ring,8,maintenance free,1,339.99,5351.99408771,7.17,0.293,2725.93581059,10507.8925937,7.17,17.018999815,1221415610.04
0,31,5,Braided Rug,braided.rug,27,bargain,-1,50,17.7827941004,6.47,0.363,7.70903469064,41.0204102987,6.47,8.64299988747,1221415618.69
0,32,50,silk tie,silk.tie,26,discount,-1,25,42.1696503429,7.46,0.264,22.9614864811,77.4461797803,7.46,5.71900010109,1221415624.42
0,33,28,croquet set,croquet.set,11,all-new,1,169.95,193.690970402,5.98,0.412,75.0083090406,500.160482156,5.98,4.49099993706,1221415628.92
0,34,20,exercice bike,exercise.bike,46,bulk packaging,-1,199.99,271.389943121,6.85,0.325,128.408493257,573.579670308,6.85,7.29200005531,1221415636.21
0,35,10,bread box,bread.box,31,store-brand,-1,56.99,33.9820832894,6.28,0.382,14.1010028381,81.8936069973,6.28,6.98299980164,1221415643.2
0,36,39,aviator sunglasses,aviator.sunglasses,22,five-star,1,129,181.055824303,6.52,0.358,79.3985369677,412.869213538,6.52,8.71899986267,1221415651.93
0,37,36,computer printer,computer.printer,33,made in China,-1,797.49,70.4135515486,6.59,0.351,31.3802392195,157.999695509,6.59,7.89800000191,1221415659.83
0,38,38,pearl necklace strand,pearl.necklace.strand,35,made in Mexico,-1,395,306.427773064,6.6,0.35,136.876258407,686.006333002,6.6,9.40300011635,1221415669.24
0,39,15,inflatable kayak,inflatable.kayak,34,made in Malaysia,-1,349.99,92.2239565104,6.2,0.39,37.5702210234,226.382968286,6.2,6.91199994087,1221415676.15
0,40,44,leather wallet,leather.wallet,15,state-of-the-art,1,23.99,257.132072337,6.47,0.363,111.46955054,593.138684992,6.47,9.11299991608,1221415685.27
0,41,19,hiking boots,hiking.boots,36,simple,-1,94.99,41.0469838044,7.84,0.226,24.3939006098,69.0686949328,7.84,7.73600006104,1221415693.01
0,42,11,wedding bands,wedding.bands,5,finest quality,1,100,98659.8895653,10.0,0.01,96414.1162986,100000,10.0,29.2380001545,1221415722.26
0,43,37,sports watch,sports.watch,4,best-selling,1,34.99,83.9127830242,8.76,0.134,61.6351028469,114.242612239,8.76,14.9370000362,1221415737.2
0,44,24,42 inch ceiling fan,42.inch.ceiling.fan,3,award-winning,1,89.95,215.766677945,6.94,0.316,104.227992968,446.667521706,6.94,5.90100002289,1221415743.1
0,45,14,window blinds,window.blinds,13,new and improved,1,159.99,101.358313333,6.91,0.319,48.6249732034,211.28048007,6.91,4.24399995804,1221415747.36
0,46,8,legwarmers,legwarmers,41,low quality,-1,12,5.4983752373,8.15,0.195,3.50941214735,8.6145852869,8.15,5.94799995422,1221415753.31
0,47,45,mini trampoline,mini.trampoline,1,artisan-crafted,1,49.99,104.130541064,7.49,0.261,57.0923770104,189.923246328,7.49,3.29300022125,1221415756.61
0,48,1,paper lantern,paper.lantern,37,basic,-1,12.99,0.991045856249,7.06,0.304,0.492145762418,1.99569307345,7.06,5.78999996185,1221415762.4
0,49,35,dog bed,dog.bed,38,no frills,-1,23.93,16.6227596339,7.71,0.239,9.58745028585,28.8206071069,7.71,8.93499994278,1221415771.35
