14,0,36,computer printer,computer.printer,5,finest quality,1,183.95,518.613419184,7.63,0.247,293.659293764,915.890912594,7.63,4.62399983406,1221423395.88
14,1,10,bread box,bread.box,8,maintenance free,1,29.99,30.9196361734,8.03,0.207,19.1970446497,49.800577044,8.03,3.11299991608,1221423399.0
14,2,31,rolling chair,rolling.chair,7,custom designed,1,195,76.3506080338,7.71,0.239,44.0364701735,132.37698944,7.71,6.34699988365,1221423405.35
14,3,43,sewing machine,sewing.machine,24,made in Germany,1,399,143.947167987,7.43,0.267,77.8400533649,266.19698055,7.43,3.89700007439,1221423409.26
14,4,46,snowshoes,snowshoes,12,modern,1,165.6,188.534409475,7.1,0.3,94.4910391284,376.175602301,7.1,2.54200005531,1221423411.8
14,5,34,basketball,basketball,44,aftermarket,-1,24.99,13.2158088956,7.33,0.277,6.98383145927,25.0088516289,7.33,5.17100000381,1221423416.98
14,6,12,bath pillow,bath.pillow,33,made in China,-1,14.99,6.29257100788,7.11,0.299,3.16102641485,12.5264533391,7.11,3.08799982071,1221423420.07
14,7,16,hammock stand,hammock.stand,13,new and improved,1,159,171.543789634,6.64,0.346,77.3348059275,380.517820006,6.64,2.44400000572,1221423422.52
14,8,21,men's dress shirt,mens.dress.shirt,15,state-of-the-art,1,24.5,67.6204606533,6.67,0.343,30.6957412276,148.962902217,6.67,4.10800004005,1221423426.64
14,9,38,pearl necklace strand,pearl.necklace.strand,46,bulk packaging,-1,14.99,178.629476309,7.57,0.253,99.7592384198,319.854985981,7.57,5.52999997139,1221423432.17
14,10,15,inflatable kayak,inflatable.kayak,48,minor defects,-1,170,46.3463593879,7.77,0.233,27.1028914063,79.2529843521,7.77,6.72799992561,1221423438.91
14,11,5,Braided Rug,braided.rug,4,best-selling,1,35.2,39.4187751113,8.1,0.2,24.8715656669,62.474548329,8.1,2.77100014687,1221423441.69
14,12,35,dog bed,dog.bed,43,overstock,-1,109,25.5978284965,6.89,0.321,12.2237124492,53.6047314973,6.89,1.94499993324,1221423443.64
14,13,13,bathroom scale,bathroom.scale,37,basic,-1,68.99,13.0387024616,7.71,0.239,7.520286306,22.6065544535,7.71,2.83999991417,1221423446.48
14,14,2,car amplifier,car.amplifier,22,five-star,1,139.99,86.2078620999,7.24,0.286,44.6217783908,166.550858255,7.24,3.42100000381,1221423449.91
14,15,4,Foosball table,foosball.table,34,made in Malaysia,-1,380,114.44419008,7.32,0.278,60.3383944764,217.066972972,7.32,2.50499987602,1221423452.42
14,16,29,pepper mill,pepper.mill,32,markdown,-1,17.86,38.3693440763,7.89,0.221,23.0666419831,63.8240523229,7.89,2.79899978638,1221423455.22
14,17,49,breadmaker,breadmaker,17,used by Michael Phelps,1,205,136.384691289,7.85,0.225,81.2391975579,228.963167747,7.85,2.63400006294,1221423457.86
14,18,32,diamond solitaire ring,diamond.solitaire.ring,21,recommended by the New York Times,1,475,938.979801048,6.71,0.339,430.185977639,2049.53929836,6.71,2.24800014496,1221423460.12
14,19,14,window blinds,window.blinds,45,dented packaging,-1,39.99,124.093776075,7.24,0.286,64.2317862991,239.745243716,7.24,4.39700007439,1221423464.52
14,20,23,salad spinner,salad.spinner,42,bad reviews,-1,29.99,13.2158088956,6.81,0.329,6.19574806615,28.189913938,6.81,8.3069999218,1221423472.84
14,21,24,42 inch ceiling fan,42.inch.ceiling.fan,19,recommended by Consumer Reports,1,199,87.3788349853,7.19,0.291,44.7101626726,170.767904811,7.19,6.22000002861,1221423479.06
14,22,7,Samurai Sword,samurai.sword,23,made in the USA,1,46.92,385.422886862,7.37,0.273,205.559475083,722.66579615,7.37,2.41400003433,1221423481.48
14,23,19,hiking boots,hiking.boots,10,innovative and fashionable,1,180,122.430782433,7.64,0.246,69.4849301059,215.720105991,7.64,2.82399988174,1221423484.31
14,24,37,sports watch,sports.watch,35,made in Mexico,-1,17.99,37.347851644,7.08,0.302,18.6322638251,74.8627239025,7.08,2.38300013542,1221423486.7
14,25,26,life jacket,life.jacket,27,bargain,-1,29.93,17.0774048791,6.97,0.313,8.30657278771,35.1092760948,6.97,2.742000103,1221423489.44
14,26,44,leather wallet,leather.wallet,41,low quality,-1,7.95,14.1380861925,7.5,0.26,7.76945624092,25.7270875836,7.5,2.71200013161,1221423492.16
14,27,39,aviator sunglasses,aviator.sunglasses,14,newly redesigned,1,129,134.55698581,6.34,0.376,56.6117069654,319.82046472,6.34,3.87299990654,1221423496.04
14,28,11,wedding bands,wedding.bands,49,used,-1,375,145.902421563,7.75,0.235,84.9302690724,250.64699371,7.75,2.257999897,1221423498.3
14,29,3,tiara,tiara,39,utilitarian,-1,10.99,5.64876002378,7.1,0.3,2.83108640974,11.2707580018,7.1,3.04399991035,1221423501.35
14,30,9,softball bat,softball.bat,28,on sale,-1,62.99,101.358313333,7.21,0.289,52.1025975041,197.178416699,7.21,2.66400003433,1221423504.02
14,31,30,dart board,dart.board,16,used by Tiger Woods,1,139.95,10.0903504484,7.04,0.306,4.98776806209,20.4129724767,7.04,3.21299982071,1221423507.24
14,32,25,pedometer,pedometer,9,elegant and luxurious,1,21.49,5.8820843762,7.11,0.299,2.95482149733,11.7093085454,7.11,3.1289999485,1221423510.37
14,33,6,Tennis Bracelet,tennis.bracelet,3,award-winning,1,78,3819.71754928,7.24,0.286,1977.11189963,7379.57328517,7.24,2.33400011063,1221423512.71
14,34,8,legwarmers,legwarmers,25,made in Italy,1,12,147.884233609,7.36,0.274,78.6904221186,277.921327161,7.36,3.5,1221423516.21
14,35,18,exercice mat,exercise.mat,31,store-brand,-1,135,20.6278101176,7.28,0.282,10.7758893928,39.4869077378,7.28,3.97499990463,1221423520.19
14,36,50,silk tie,silk.tie,2,hand-made,1,40,221.668062335,7.5,0.26,121.815660682,403.369563357,7.5,3.30900001526,1221423523.51
14,37,17,hair dryer,hair.dryer,6,top of the line,1,45.95,45.7252669897,6.94,0.316,22.087992695,94.6577658799,6.94,4.59899997711,1221423528.11
14,38,47,adirondack chair,adirondack.chair,40,common,-1,249,114.44419008,6.86,0.324,54.2742399049,241.320240798,6.86,3.85100007057,1221423531.97
14,39,41,men's leather belt,mens.leather.belt,36,simple,-1,15,72.3394162737,7.64,0.246,41.0558454645,127.460318686,7.64,3.08299994469,1221423535.06
14,40,1,paper lantern,paper.lantern,47,refurbished,-1,1.24,1.36999426772,8.92,0.118,1.04404387528,1.79770633975,8.92,4.3789999485,1221423539.44
14,41,42,typewriter,typewriter,26,discount,-1,14.99,48.9162465182,7.59,0.251,27.4443611041,87.1872791773,7.59,3.23099994659,1221423542.68
14,42,48,swiss army knife,swiss.army.knife,38,no frills,-1,18,79.5043012516,7.77,0.233,46.4933270188,135.953572756,7.77,6.63000011444,1221423549.31
14,43,40,water cooler,water.cooler,18,used by Michael Jordan,1,326.39,193.690970402,7.12,0.298,97.5235215144,384.688651854,7.12,2.8140001297,1221423552.13
14,44,45,mini trampoline,mini.trampoline,50,previously owned,-1,761.31,43.3230226736,6.89,0.321,20.68801155,90.7232814059,6.89,2.24699997902,1221423554.38
14,45,33,ice cream maker,ice.cream.maker,29,closeout,-1,49.99,51.6286328641,8.22,0.188,33.4881090327,79.5958866718,8.22,3.32799983025,1221423557.71
14,46,27,rice cooker,rice.cooker,20,recommended by the New Yorker,1,9.99,27.7561595328,7.3,0.28,14.5666395907,52.8882716713,7.3,4.70199990273,1221423562.42
14,47,22,egg cooker,egg.cooker,30,generic,-1,34.99,40.4969088913,5.99,0.411,15.7188900076,104.33304317,5.99,3.02800011635,1221423565.46
14,48,20,exercice bike,exercise.bike,1,artisan-crafted,1,149.95,201.691455473,6.85,0.325,95.4305660788,426.272680571,6.85,2.39400005341,1221423567.86
14,49,28,croquet set,croquet.set,11,all-new,1,59.99,147.884233609,8.03,0.207,91.8167412986,238.189095374,8.03,2.45100021362,1221423570.31
