10,0,9,softball bat,softball.bat,31,store-brand,-1,12.22,171.543789634,7.41,0.269,92.3368383385,318.694816626,7.41,4.54699993134,1221422612.55
10,1,10,bread box,bread.box,24,made in Germany,1,39.99,45.7252669897,7.59,0.251,25.6540684981,81.4997450183,7.59,4.55200004578,1221422617.11
10,2,28,croquet set,croquet.set,43,overstock,-1,69.99,70.4135515486,7.25,0.285,36.5305532845,135.723874836,7.25,2.86899995804,1221422619.99
10,3,18,exercice mat,exercise.mat,49,used,-1,24.96,11.5478198469,7.29,0.281,6.04644351345,22.0546413639,7.29,2.8789999485,1221422622.87
10,4,27,rice cooker,rice.cooker,37,basic,-1,78.99,22.3670843218,7.47,0.263,12.2070120983,40.9835311892,7.47,2.47900009155,1221422625.36
10,5,35,dog bed,dog.bed,14,newly redesigned,1,99,82.7882590628,7.11,0.299,41.5880684397,164.804380097,7.11,3.13800001144,1221422628.5
10,6,46,snowshoes,snowshoes,3,award-winning,1,139.95,173.873891802,8.01,0.209,107.456916689,281.341873391,8.01,4.0720000267,1221422632.58
10,7,15,inflatable kayak,inflatable.kayak,35,made in Mexico,-1,589.93,120.790074743,7.36,0.274,64.273396408,227.002818767,7.36,3.60100007057,1221422636.19
10,8,2,car amplifier,car.amplifier,1,artisan-crafted,1,110.99,129.219520454,7.47,0.263,70.5225690944,236.77079098,7.47,4.31500005722,1221422640.51
10,9,26,life jacket,life.jacket,41,low quality,-1,19.97,11.7046754236,7.02,0.308,5.75916306073,23.7880791579,7.02,3.28499984741,1221422643.8
10,10,29,pepper mill,pepper.mill,33,made in China,-1,50,38.3693440763,7.3,0.28,20.1365180161,73.1112779114,7.3,4.87699985504,1221422648.68
10,11,34,basketball,basketball,40,common,-1,24.99,10.6498563535,8.18,0.192,6.84453186959,16.5708104676,8.18,4.42200016975,1221422653.11
10,12,6,Tennis Bracelet,tennis.bracelet,13,new and improved,1,400,447.085541242,6.86,0.324,212.02673466,942.73715769,6.86,1.97600007057,1221422655.09
10,13,40,water cooler,water.cooler,36,simple,-1,326.39,212.87516618,8.4,0.17,143.921275738,314.865443929,8.4,7.79299998283,1221422662.89
10,14,1,paper lantern,paper.lantern,29,closeout,-1,12.99,2.6535551916,8.71,0.139,1.926762233,3.6545013361,8.71,2.73599982262,1221422665.63
10,15,19,hiking boots,hiking.boots,23,made in the USA,1,180,117.574326592,7.47,0.263,64.1671130001,215.433134315,7.47,4.28600001335,1221422669.92
10,16,7,Samurai Sword,samurai.sword,45,dented packaging,-1,48.94,441.094101251,7.29,0.281,230.957063991,842.42500661,7.29,2.52500009537,1221422672.45
10,17,16,hammock stand,hammock.stand,30,generic,-1,124.99,130.97472643,8.14,0.196,83.4041191428,205.677838694,8.14,3.25900006294,1221422675.72
10,18,3,tiara,tiara,27,bargain,-1,29.99,2.76316137845,8.16,0.194,1.76769058986,4.31922919497,8.16,2.07400012016,1221422677.8
10,19,5,Braided Rug,braided.rug,22,five-star,1,60,59.8885433492,7.33,0.277,31.6478163686,113.329702837,7.33,3.68400001526,1221422681.49
10,20,4,Foosball table,foosball.table,16,used by Tiger Woods,1,84.5,204.431057405,7.67,0.243,116.827981979,357.723008852,7.67,5.33899998665,1221422686.83
10,21,43,sewing machine,sewing.machine,6,top of the line,1,109.99,618.038635466,7.63,0.247,349.957757544,1091.47960488,7.63,4.91300010681,1221422691.75
10,22,31,rolling chair,rolling.chair,48,minor defects,-1,109.99,50.9367521678,7.14,0.296,25.7650654488,100.700412602,7.14,2.96799993515,1221422694.72
10,23,20,exercice bike,exercise.bike,9,elegant and luxurious,1,449,204.431057405,6.9,0.32,97.8468558794,427.117017263,6.9,3.51699995995,1221422698.24
10,24,11,wedding bands,wedding.bands,5,finest quality,1,165,98659.8895653,9.32,0.078,82440.5014991,100000,9.32,6.79299998283,1221422705.04
10,25,47,adirondack chair,adirondack.chair,38,no frills,-1,68,260.62473156,8.03,0.207,161.81382538,419.774086306,8.03,6.9240000248,1221422711.97
10,26,23,salad spinner,salad.spinner,28,on sale,-1,9.95,13.39532099,6.77,0.333,6.22233121636,28.837202358,6.77,3.24099993706,1221422715.22
10,27,50,silk tie,silk.tie,26,discount,-1,16,45.7252669897,7.55,0.255,25.4188705844,82.2538528743,7.55,2.96900010109,1221422718.19
10,28,45,mini trampoline,mini.trampoline,50,previously owned,-1,79.99,207.207871715,7.36,0.274,110.257019925,389.409237889,7.36,4.32299995422,1221422722.52
10,29,22,egg cooker,egg.cooker,10,innovative and fashionable,1,24.99,39.4187751113,7.66,0.244,22.4751772255,69.1358210742,7.66,2.3860001564,1221422724.91
10,30,8,legwarmers,legwarmers,39,utilitarian,-1,22,27.01721787,8.31,0.179,17.8912475576,40.7981645262,8.31,4.31900000572,1221422729.23
10,31,14,window blinds,window.blinds,21,recommended by the New York Times,1,118,171.543789634,7.88,0.222,102.89043421,286.005905098,7.88,3.28999996185,1221422732.53
10,32,32,diamond solitaire ring,diamond.solitaire.ring,44,aftermarket,-1,6999,1246.53111926,8.14,0.196,793.785433415,1957.50610412,8.14,4.21099996567,1221422736.75
10,33,48,swiss army knife,swiss.army.knife,47,refurbished,-1,9,39.4187751113,7.72,0.238,22.7878380854,68.1872420477,7.72,2.63999986649,1221422739.4
10,34,44,leather wallet,leather.wallet,12,modern,1,59.97,49.5806824168,7.86,0.224,29.6014169358,83.0448108026,7.86,2.875,1221422742.27
10,35,25,pedometer,pedometer,17,used by Michael Phelps,1,60,80.5842187761,8.31,0.179,53.3641996115,121.688629513,8.31,5.99199986458,1221422748.27
10,36,13,bathroom scale,bathroom.scale,4,best-selling,1,59.95,14.9220374291,7.45,0.265,8.1064017799,27.4680687043,7.45,2.91000008583,1221422751.19
10,37,21,men's dress shirt,mens.dress.shirt,46,bulk packaging,-1,13,50.9367521678,7.46,0.264,27.7351966825,93.5472984418,7.46,2.32800006866,1221422753.52
10,38,38,pearl necklace strand,pearl.necklace.strand,34,made in Malaysia,-1,395,716.916787415,7.46,0.264,390.363092615,1316.64516908,7.46,1.66999983788,1221422755.19
10,39,49,breadmaker,breadmaker,18,used by Michael Jordan,1,36,196.321900679,7.86,0.224,117.211102235,328.82796895,7.86,3.05399990082,1221422758.26
10,40,24,42 inch ceiling fan,42.inch.ceiling.fan,20,recommended by the New Yorker,1,79.99,149.892964872,7.12,0.298,75.4711990661,297.70165568,7.12,5.0759999752,1221422763.33
10,41,42,typewriter,typewriter,7,custom designed,1,201.99,151.928981,8.39,0.171,102.480355904,225.23746199,8.39,6.23900008202,1221422769.58
10,42,37,sports watch,sports.watch,19,recommended by Consumer Reports,1,19.95,44.5079406236,7.79,0.231,26.1479412194,75.7595698235,7.79,3.36099982262,1221422772.94
10,43,41,men's leather belt,mens.leather.belt,8,maintenance free,1,17,48.2607147943,7.77,0.233,28.2223874655,82.5265614155,7.77,3.21099996567,1221422776.16
10,44,36,computer printer,computer.printer,25,made in Italy,1,555.54,162.531483731,7.36,0.274,86.4843448843,305.448150636,7.36,3.36400008202,1221422779.53
10,45,12,bath pillow,bath.pillow,32,markdown,-1,16.99,10.9411381058,7.63,0.247,6.19530226228,19.3224636961,7.63,3.75800013542,1221422783.29
10,46,17,hair dryer,hair.dryer,42,bad reviews,-1,129.99,11.2403866377,7.83,0.227,6.66470989558,18.9575080904,7.83,5.6740000248,1221422788.97
10,47,33,ice cream maker,ice.cream.maker,15,state-of-the-art,1,49.99,68.5389583865,7.19,0.291,35.0701400332,133.948390632,7.19,3.13000011444,1221422792.11
10,48,30,dart board,dart.board,11,all-new,1,113.25,17.7827941004,7.98,0.212,10.9144033645,28.973435877,7.98,3.27900004387,1221422795.39
10,49,39,aviator sunglasses,aviator.sunglasses,2,hand-made,1,126.99,56.742210428,7.75,0.235,33.0298232735,97.4779192001,7.75,9.25699996948,1221422804.66
