11,0,42,typewriter,typewriter,30,generic,-1,39.99,72.3394162737,7.53,0.257,40.0290238956,130.729921381,7.53,14.8129999638,1221422822.22
11,1,29,pepper mill,pepper.mill,14,newly redesigned,1,50,80.5842187761,7.55,0.255,44.7971102865,144.960607375,7.55,2.76200008392,1221422824.98
11,2,1,paper lantern,paper.lantern,13,new and improved,1,12.99,4.74003174231,7.3,0.28,2.48760402019,9.03194428687,7.3,2.62600016594,1221422827.61
11,3,27,rice cooker,rice.cooker,8,maintenance free,1,199.99,35.8663762448,7.19,0.291,18.3521732311,70.095074231,7.19,4.86199998856,1221422832.48
11,4,38,pearl necklace strand,pearl.necklace.strand,9,elegant and luxurious,1,9225,1818.71908853,7.62,0.248,1027.46165991,3219.33095127,7.62,4.96700000763,1221422837.45
11,5,3,tiara,tiara,21,recommended by the New York Times,1,19.99,3.42891129358,7.6,0.25,1.92821852079,6.09756235221,7.6,4.83899998665,1221422842.3
11,6,7,Samurai Sword,samurai.sword,42,bad reviews,-1,275,554.805330413,7.36,0.274,295.216498598,1042.6549875,7.36,2.21499991417,1221422844.52
11,7,30,dart board,dart.board,33,made in China,-1,199.99,16.1802182358,8.19,0.191,10.4227992968,25.1179606076,8.19,4.12199997902,1221422848.65
11,8,10,bread box,bread.box,22,five-star,1,65,37.347851644,7.75,0.235,21.7403046188,64.1601875815,7.75,6.44599986076,1221422855.1
11,9,15,inflatable kayak,inflatable.kayak,45,dented packaging,-1,589.93,96.0333049054,8.62,0.148,68.3001842095,135.027390596,8.62,3.16199994087,1221422858.27
11,10,35,dog bed,dog.bed,17,used by Michael Phelps,1,75.99,78.4388558145,6.94,0.316,37.8905797231,162.379518773,6.94,5.7460000515,1221422864.02
11,11,28,croquet set,croquet.set,31,store-brand,-1,69,169.244913409,7.55,0.255,94.0839678856,304.449752266,7.55,3.12800002098,1221422867.16
11,12,8,legwarmers,legwarmers,5,finest quality,1,12,89.7687132447,7.97,0.213,54.96990672,146.596972024,7.97,6.95699977875,1221422874.12
11,13,41,men's leather belt,mens.leather.belt,18,used by Michael Jordan,1,19.99,142.018116969,7.59,0.251,79.6789770852,253.130076278,7.59,3.35500001907,1221422877.48
11,14,12,bath pillow,bath.pillow,4,best-selling,1,10.03,10.9411381058,7.34,0.276,5.7951208892,20.656774093,7.34,3.02000021935,1221422880.51
11,15,47,adirondack chair,adirondack.chair,16,used by Tiger Woods,1,64.99,169.244913409,7.67,0.243,96.7198523788,296.152651296,7.67,5.97900009155,1221422886.49
11,16,49,breadmaker,breadmaker,39,utilitarian,-1,121,173.873891802,7.57,0.253,97.103386214,311.339608524,7.57,2.90600013733,1221422889.4
11,17,17,hair dryer,hair.dryer,12,modern,1,19.44,13.2158088956,7.64,0.246,7.50056104483,23.2859387081,7.64,3.94799995422,1221422893.35
11,18,25,pedometer,pedometer,2,hand-made,1,32,11.3930663081,8.27,0.183,7.47550652677,17.3636340811,8.27,2.90599989891,1221422896.26
11,19,31,rolling chair,rolling.chair,10,innovative and fashionable,1,89.99,188.534409475,7.64,0.246,107.001687031,332.193113419,7.64,3.59500002861,1221422899.86
11,20,43,sewing machine,sewing.machine,38,no frills,-1,109.99,117.574326592,8.01,0.209,72.6628620691,190.244670798,8.01,5.757999897,1221422905.63
11,21,39,aviator sunglasses,aviator.sunglasses,23,made in the USA,1,126.99,58.2941534714,7.64,0.246,33.0845323295,102.712902062,7.64,2.6740000248,1221422908.31
11,22,50,silk tie,silk.tie,7,custom designed,1,10,111.397385999,6.99,0.311,54.4345954933,227.968583124,6.99,4.04400014877,1221422912.35
11,23,4,Foosball table,foosball.table,36,simple,-1,250,257.132072337,6.91,0.319,123.354855817,535.989460538,6.91,3.19400000572,1221422915.55
11,24,14,window blinds,window.blinds,50,previously owned,-1,29.99,66.7142718041,7.89,0.221,40.106868124,110.973363679,7.89,3.0569999218,1221422918.62
11,25,18,exercice mat,exercise.mat,32,markdown,-1,24.99,13.39532099,8.19,0.191,8.62885408346,20.7947222991,8.19,3.83300018311,1221422922.46
11,26,20,exercice bike,exercise.bike,47,refurbished,-1,189.99,149.892964872,7.8,0.23,88.2635213473,254.554776143,7.8,3.27300000191,1221422925.73
11,27,21,men's dress shirt,mens.dress.shirt,29,closeout,-1,39,32.1967844425,8.03,0.207,19.9899864621,51.8576103291,8.03,3.14599990845,1221422928.89
11,28,13,bathroom scale,bathroom.scale,28,on sale,-1,34.99,11.7046754236,8.32,0.178,7.76889720371,17.6343467006,8.32,3.43000006676,1221422932.32
11,29,6,Tennis Bracelet,tennis.bracelet,3,award-winning,1,840,1677.29470126,8.41,0.169,1136.60451007,2475.19474887,8.41,2.3869998455,1221422934.71
11,30,26,life jacket,life.jacket,24,made in Germany,1,29.93,39.4187751113,7.94,0.216,23.9719368527,64.8191191568,7.94,4.32400012016,1221422939.04
11,31,2,car amplifier,car.amplifier,20,recommended by the New Yorker,1,129.99,136.384691289,8.78,0.132,100.638840627,184.827089642,8.78,2.84200000763,1221422941.89
11,32,22,egg cooker,egg.cooker,41,low quality,-1,30,11.5478198469,8.37,0.173,7.7535394336,17.1988734124,8.37,2.84899997711,1221422944.74
11,33,40,water cooler,water.cooler,6,top of the line,1,484.88,290.329138226,7.89,0.221,174.538253127,482.937161296,7.89,3.54299998283,1221422948.29
11,34,48,swiss army knife,swiss.army.knife,1,artisan-crafted,1,52,140.114917364,7.62,0.248,79.1560975417,248.01867042,7.62,3.72000002861,1221422952.02
11,35,16,hammock stand,hammock.stand,35,made in Mexico,-1,94.88,181.055824303,7.43,0.267,97.9067196862,334.820854166,7.43,2.77900004387,1221422954.8
11,36,34,basketball,basketball,27,bargain,-1,58.99,9.3057204093,8.29,0.181,6.13408797025,14.1172465664,8.29,4.02800011635,1221422958.84
11,37,45,mini trampoline,mini.trampoline,48,minor defects,-1,49.99,136.384691289,8.36,0.174,91.3620056547,203.594304709,8.36,11.2109999657,1221422970.05
11,38,19,hiking boots,hiking.boots,37,basic,-1,74.98,81.6788049644,8.05,0.205,50.9459159769,130.951167576,8.05,2.86099982262,1221422972.92
11,39,37,sports watch,sports.watch,25,made in Italy,1,19.99,27.3841963426,7.77,0.233,16.0140064834,46.8273951374,7.77,3.33800005913,1221422976.26
11,40,23,salad spinner,salad.spinner,40,common,-1,24.95,17.3093695466,8.2,0.19,11.1758676497,26.8090392167,8.2,5.92600011826,1221422982.19
11,41,44,leather wallet,leather.wallet,34,made in Malaysia,-1,190,46.3463593879,7.23,0.287,23.9340186441,89.7461082678,7.23,8.57800006866,1221422990.78
11,42,5,Braided Rug,braided.rug,11,all-new,1,50,48.9162465182,7.14,0.296,24.7430438615,96.7059342747,7.14,4.35100007057,1221422995.14
11,43,36,computer printer,computer.printer,19,recommended by Consumer Reports,1,299.99,429.351021008,7.45,0.265,233.245084489,790.337338274,7.45,4.31599998474,1221422999.45
11,44,11,wedding bands,wedding.bands,15,state-of-the-art,1,640,7398.44798784,7.11,0.299,3716.55552066,14727.8931593,7.11,3.04299998283,1221423002.5
11,45,33,ice cream maker,ice.cream.maker,43,overstock,-1,299.99,30.9196361734,7.58,0.252,17.3075013835,55.2375458427,7.58,5.01399993896,1221423007.52
11,46,24,42 inch ceiling fan,42.inch.ceiling.fan,46,bulk packaging,-1,75.6,153.992652606,7.06,0.304,76.4715688439,310.098738853,7.06,5.90100002289,1221423013.43
11,47,46,snowshoes,snowshoes,44,aftermarket,-1,139.95,160.353382358,8.26,0.184,104.973124726,244.950384214,8.26,3.2460000515,1221423016.68
11,48,9,softball bat,softball.bat,26,discount,-1,85.99,193.690970402,8.22,0.188,125.63463287,298.613456802,8.22,8.10299992561,1221423024.78
11,49,32,diamond solitaire ring,diamond.solitaire.ring,49,used,-1,9000,395.964498892,7.88,0.222,237.495972949,660.170707047,7.88,4.82999992371,1221423029.62
