20,0,4,Foosball table,foosball.table,20,recommended by the New Yorker,1,380,221.668062335,6.2,0.39,90.3031968142,544.130568936,6.2,12.3950002193,1221424529.69
20,1,42,typewriter,typewriter,25,made in Italy,1,55,105.544960088,7.98,0.212,64.7794863386,171.963984736,7.98,8.41700005531,1221424538.11
20,2,27,rice cooker,rice.cooker,46,bulk packaging,-1,59.99,38.8905199928,8.74,0.136,28.4343791437,53.1916852366,8.74,2.35699987411,1221424540.47
20,3,20,exercice bike,exercise.bike,7,custom designed,1,189.99,260.62473156,8.02,0.208,161.441663909,420.741765514,8.02,5.24800014496,1221424545.72
20,4,48,swiss army knife,swiss.army.knife,49,used,-1,25,42.1696503429,7.77,0.233,24.6603933723,72.1107479183,7.77,2.37800002098,1221424548.11
20,5,35,dog bed,dog.bed,21,recommended by the New York Times,1,167.99,38.3693440763,6.35,0.375,16.1802182358,90.988053646,6.35,3.73399996758,1221424551.85
20,6,2,car amplifier,car.amplifier,3,award-winning,1,87,158.204469949,7.54,0.256,87.7442669384,285.245466001,7.54,2.51900005341,1221424554.37
20,7,10,bread box,bread.box,5,finest quality,1,59,57.5129474379,6.72,0.338,26.4098311759,125.246507672,6.72,2.76799988747,1221424557.15
20,8,21,men's dress shirt,mens.dress.shirt,39,utilitarian,-1,49.5,31.7653119746,7.07,0.303,15.8107737857,63.8194599784,7.07,2.74399995804,1221424559.9
20,9,5,Braided Rug,braided.rug,28,on sale,-1,90,27.01721787,7.19,0.291,13.8242196309,52.8008148686,7.19,1.79600000381,1221424561.7
20,10,22,egg cooker,egg.cooker,19,recommended by Consumer Reports,1,28.99,49.5806824168,7.25,0.285,25.722459968,95.5680005715,7.25,3.36899995804,1221424565.08
20,11,33,ice cream maker,ice.cream.maker,17,used by Michael Phelps,1,59.99,70.4135515486,6.69,0.341,32.1111788894,154.403183351,6.69,2.81900000572,1221424567.9
20,12,36,computer printer,computer.printer,43,overstock,-1,1026.95,142.018116969,7.12,0.298,71.5062083526,282.061460284,7.12,3.8149998188,1221424571.72
20,13,43,sewing machine,sewing.machine,35,made in Mexico,-1,24.99,114.44419008,6.55,0.355,50.5351722105,259.175383601,6.55,3.88100004196,1221424575.61
20,14,16,hammock stand,hammock.stand,27,bargain,-1,39.99,151.928981,6.76,0.334,70.411018263,327.82390934,6.76,2.64999985695,1221424578.26
20,15,49,breadmaker,breadmaker,23,made in the USA,1,36,171.543789634,6.42,0.368,73.5148372311,400.290238956,6.42,5.56900000572,1221424583.84
20,16,26,life jacket,life.jacket,36,simple,-1,89.5,52.3299114681,6.9,0.32,25.0466703572,109.332681558,6.9,3.12600016594,1221424586.97
20,17,28,croquet set,croquet.set,18,used by Michael Jordan,1,129.98,176.235644057,6.71,0.339,80.7409304747,384.674811817,6.71,6.64999985695,1221424593.62
20,18,50,silk tie,silk.tie,42,bad reviews,-1,18,59.8885433492,6.59,0.351,26.689703551,134.382819863,6.59,2.3109998703,1221424595.94
20,19,13,bathroom scale,bathroom.scale,16,used by Tiger Woods,1,17.99,11.8636615905,6.09,0.401,4.71214612951,29.8688670651,6.09,4.7619998455,1221424600.7
20,20,14,window blinds,window.blinds,11,all-new,1,143,151.928981,6.95,0.315,73.5598144353,313.791102449,6.95,2.89100003242,1221424603.6
20,21,3,tiara,tiara,31,store-brand,-1,15.95,3.92418975848,6.8,0.33,1.83548145112,8.38976893565,6.8,2.367000103,1221424605.98
20,22,11,wedding bands,wedding.bands,2,hand-made,1,100,6042.96390238,6.47,0.363,2619.69058939,13939.5899934,6.47,3.19400000572,1221424609.18
20,23,45,mini trampoline,mini.trampoline,45,dented packaging,-1,109.95,120.790074743,7.23,0.287,62.3779718426,233.900553758,7.23,3.53199982643,1221424612.71
20,24,39,aviator sunglasses,aviator.sunglasses,9,elegant and luxurious,1,99.99,93.4766468083,7.17,0.293,47.6105419424,183.528335155,7.17,2.9279999733,1221424615.64
20,25,29,pepper mill,pepper.mill,4,best-selling,1,24.95,81.6788049644,7.23,0.287,42.1802719062,158.164631922,7.23,2.03600001335,1221424617.68
20,26,24,42 inch ceiling fan,42.inch.ceiling.fan,13,new and improved,1,36.88,160.353382358,7.17,0.293,81.6729279134,314.831461178,7.17,2.73399996758,1221424620.42
20,27,32,diamond solitaire ring,diamond.solitaire.ring,33,made in China,-1,199,569.97968239,6.86,0.324,270.308296134,1201.87520318,6.86,3.90099978447,1221424624.33
20,28,17,hair dryer,hair.dryer,50,previously owned,-1,24.99,3.76852911583,6.91,0.319,1.80788946902,7.85546458463,6.91,3.09699988365,1221424627.43
20,29,23,salad spinner,salad.spinner,26,discount,-1,29.99,8.58210354325,6.3,0.38,3.57761621295,20.587032494,6.3,3.742000103,1221424631.18
20,30,44,leather wallet,leather.wallet,34,made in Malaysia,-1,14.99,51.6286328641,6.95,0.315,24.9971574089,106.632753789,6.95,3.91499996185,1221424635.1
20,31,40,water cooler,water.cooler,48,minor defects,-1,275.4,56.742210428,6.8,0.33,26.5403258115,121.31269477,6.8,2.55400013924,1221424637.65
20,32,19,hiking boots,hiking.boots,22,five-star,1,80,140.114917364,6.32,0.378,58.679225769,334.567980586,6.32,3.03399991989,1221424640.69
20,33,37,sports watch,sports.watch,30,generic,-1,299,36.3535540156,6.9,0.32,17.3999049147,75.9533397476,6.9,2.98600006104,1221424643.69
20,34,9,softball bat,softball.bat,10,innovative and fashionable,1,129.99,140.114917364,6.2,0.39,57.0800539602,343.941336874,6.2,2.88999986649,1221424646.58
20,35,18,exercice mat,exercise.mat,32,markdown,-1,50,12.1881418484,6.13,0.397,4.88582041675,30.4044743863,6.13,7.19199991226,1221424653.78
20,36,6,Tennis Bracelet,tennis.bracelet,47,refurbished,-1,4295,160.353382358,7.06,0.304,79.6302583976,322.907494602,7.06,3.29000020027,1221424657.07
20,37,30,dart board,dart.board,37,basic,-1,139.99,7.20148192516,7.08,0.302,3.59270761919,14.4351690746,7.08,2.40899991989,1221424659.49
20,38,15,inflatable kayak,inflatable.kayak,41,low quality,-1,170,73.3220122102,7.32,0.278,38.6575543368,139.070294714,7.32,2.67199993134,1221424662.17
20,39,41,men's leather belt,mens.leather.belt,6,top of the line,1,35.99,122.430782433,6.56,0.354,54.1864407242,276.624489206,6.56,2.96899986267,1221424665.14
20,40,38,pearl necklace strand,pearl.necklace.strand,1,artisan-crafted,1,29.99,504.806571667,5.95,0.415,194.144458986,1312.57763487,5.95,4.492000103,1221424669.64
20,41,12,bath pillow,bath.pillow,12,modern,1,15.99,3.33762469429,7.15,0.295,1.69214470771,6.58320683164,7.15,1.96300005913,1221424671.6
20,42,1,paper lantern,paper.lantern,8,maintenance free,1,14.99,5.42469093701,6.54,0.356,2.38987397532,12.3133152903,6.54,2.76300001144,1221424674.37
20,43,8,legwarmers,legwarmers,14,newly redesigned,1,7,67.6204606533,6.6,0.35,30.2049502675,151.383354664,6.6,2.74199986458,1221424677.12
20,44,34,basketball,basketball,38,no frills,-1,39.99,20.3513746817,5.18,0.492,6.55531778471,63.1820553998,5.18,3.09499979019,1221424680.22
20,45,7,Samurai Sword,samurai.sword,24,made in Germany,1,11.21,1018.15172172,7.32,0.278,536.799991149,1931.13439927,7.32,2.41499996185,1221424682.64
20,46,31,rolling chair,rolling.chair,29,closeout,-1,89.99,136.384691289,6.16,0.394,55.0510523102,337.882442524,6.16,5.5720000267,1221424688.22
20,47,47,adirondack chair,adirondack.chair,44,aftermarket,-1,249.95,124.093776075,6.86,0.324,58.8504787243,261.667629464,6.86,2.06100010872,1221424690.29
20,48,25,pedometer,pedometer,40,common,-1,30,4.86967525166,7.36,0.274,2.59119442135,9.15166259281,7.36,2.04000020027,1221424692.33
20,49,46,snowshoes,snowshoes,15,state-of-the-art,1,59.99,302.321302502,6.77,0.333,140.432863037,650.831778045,6.77,2.24099993706,1221424694.58
