9,0,40,water cooler,water.cooler,35,made in Mexico,-1,79,115.998700773,7.84,0.226,68.9371182789,195.188004908,7.84,5.44000005722,1221422189.89
9,1,38,pearl necklace strand,pearl.necklace.strand,8,maintenance free,1,14.99,471.876256062,8.48,0.162,324.958667328,685.216993492,8.48,3.53200006485,1221422193.42
9,2,21,men's dress shirt,mens.dress.shirt,37,basic,-1,49.5,54.4914199503,8.11,0.199,34.4610197749,86.1644509535,8.11,4.90699982643,1221422198.34
9,3,45,mini trampoline,mini.trampoline,25,made in Italy,1,29.99,147.884233609,7.42,0.268,79.7851149345,274.108103599,7.42,3.04399991035,1221422201.39
9,4,20,exercice bike,exercise.bike,27,bargain,-1,189.99,158.204469949,8.27,0.183,103.805114065,241.111958088,8.27,2.51699995995,1221422203.91
9,5,4,Foosball table,foosball.table,39,utilitarian,-1,380,183.515129705,7.96,0.214,112.117104943,300.380596233,7.96,4.30799984932,1221422208.22
9,6,2,car amplifier,car.amplifier,49,used,-1,212.99,46.9758881671,7.79,0.231,27.5978341238,79.960407733,7.79,3.11899995804,1221422211.35
9,7,25,pedometer,pedometer,30,generic,-1,60,9.56023901095,7.94,0.216,5.81391596315,15.7205866968,7.94,5.45900011063,1221422216.81
9,8,19,hiking boots,hiking.boots,36,simple,-1,144.99,59.0859707306,8.37,0.173,39.6720255516,88.0003450449,8.37,2.54499983788,1221422219.36
9,9,30,dart board,dart.board,12,modern,1,139.95,33.5266858453,8.65,0.145,24.0099151344,46.8156033655,8.65,2.27300000191,1221422221.64
9,10,15,inflatable kayak,inflatable.kayak,28,on sale,-1,589.93,166.976844665,8.84,0.126,124.92698247,223.180501946,8.84,3.3869998455,1221422225.03
9,11,33,ice cream maker,ice.cream.maker,19,recommended by Consumer Reports,1,162.99,32.1967844425,7.71,0.239,18.5700254955,55.8229135813,7.71,2.76600003242,1221422227.81
9,12,47,adirondack chair,adirondack.chair,15,state-of-the-art,1,249,323.419070778,8.05,0.205,201.727740904,518.520134486,8.05,3.08499979973,1221422230.9
9,13,22,egg cooker,egg.cooker,17,used by Michael Phelps,1,19.99,33.0773912299,6.89,0.321,15.7954226085,69.2677769816,6.89,2.80599999428,1221422233.71
9,14,7,Samurai Sword,samurai.sword,6,top of the line,1,50.46,4552.00913571,7.45,0.265,2472.88047193,8379.21096744,7.45,6.58899998665,1221422240.3
9,15,36,computer printer,computer.printer,13,new and improved,1,299.99,224.679009181,7.71,0.239,129.587317524,389.54936433,7.71,4.85899996758,1221422245.17
9,16,27,rice cooker,rice.cooker,11,all-new,1,99.99,44.5079406236,7.93,0.217,27.0045845315,73.35631386,7.93,2.45299983025,1221422247.62
9,17,9,softball bat,softball.bat,24,made in Germany,1,259.99,176.235644057,7.76,0.234,102.823823724,302.060369975,7.76,3.10299992561,1221422250.73
9,18,50,silk tie,silk.tie,29,closeout,-1,115,65.8202268863,7.66,0.244,37.528341764,115.440812563,7.66,3.80900001526,1221422254.54
9,19,12,bath pillow,bath.pillow,16,used by Tiger Woods,1,71.24,8.9365908543,8.28,0.182,5.87721901457,13.5885111477,8.28,3.53900003433,1221422258.09
9,20,42,typewriter,typewriter,33,made in China,-1,94.99,51.6286328641,8.26,0.184,33.7979706905,78.8661471964,8.26,7.46899986267,1221422265.56
9,21,29,pepper mill,pepper.mill,5,finest quality,1,39.99,74.3179548784,8.44,0.166,50.710016283,108.916518316,8.44,3.77200007439,1221422269.34
9,22,41,men's leather belt,mens.leather.belt,47,refurbished,-1,235,23.9279917343,7.84,0.226,14.2202178591,40.2630110248,7.84,1.96399998665,1221422271.31
9,23,5,Braided Rug,braided.rug,34,made in Malaysia,-1,250,19.8095677855,7.59,0.251,11.1141179121,35.3081530132,7.59,2.27999997139,1221422273.6
9,24,26,life jacket,life.jacket,7,custom designed,1,67.96,72.3394162737,7.71,0.239,41.722949288,125.42236913,7.71,3.49799990654,1221422277.1
9,25,28,croquet set,croquet.set,18,used by Michael Jordan,1,52.49,429.351021008,6.55,0.355,189.588722418,972.327345686,6.55,8.76300001144,1221422285.87
9,26,32,diamond solitaire ring,diamond.solitaire.ring,32,markdown,-1,4390,540.034959429,7.79,0.231,317.264788658,919.225101023,7.79,2.867000103,1221422288.74
9,27,10,bread box,bread.box,22,five-star,1,65,20.078643786,6.91,0.319,9.63239702742,41.8537499169,6.91,1.75500011444,1221422290.5
9,28,18,exercice mat,exercise.mat,46,bulk packaging,-1,24.96,19.8095677855,7.81,0.229,11.6916283047,33.5640995095,7.81,4.33700013161,1221422294.85
9,29,34,basketball,basketball,44,aftermarket,-1,42.22,24.5824406892,7.29,0.281,12.8713766772,46.9488544538,7.29,2.75500011444,1221422297.61
9,30,35,dog bed,dog.bed,45,dented packaging,-1,143.99,39.4187751113,6.69,0.341,17.9764166323,86.4376846095,6.69,4.75499987602,1221422302.37
9,31,44,leather wallet,leather.wallet,43,overstock,-1,7.95,55.2315841731,7.15,0.295,28.001899979,108.940032375,7.15,2.45999979973,1221422304.84
9,32,43,sewing machine,sewing.machine,14,newly redesigned,1,109.99,201.691455473,7.23,0.287,104.156769149,390.559764318,7.23,3.13800001144,1221422307.98
9,33,31,rolling chair,rolling.chair,48,minor defects,-1,55.99,59.0859707306,6.91,0.319,28.3455165046,123.164167307,6.91,4.58299994469,1221422312.57
9,34,14,window blinds,window.blinds,9,elegant and luxurious,1,49.99,151.928981,6.5,0.36,66.3194055825,348.04918809,6.5,4.4310002327,1221422317.01
9,35,3,tiara,tiara,40,common,-1,28.99,2.38206235074,7.15,0.295,1.20768347835,4.69843393944,7.15,4.03999996185,1221422321.05
9,36,23,salad spinner,salad.spinner,26,discount,-1,27.58,15.3301666156,7.4,0.27,8.23278691622,28.5461060578,7.4,5.09299993515,1221422326.15
9,37,8,legwarmers,legwarmers,23,made in the USA,1,44,45.7252669897,6.63,0.347,20.5663039516,101.661438351,6.63,4.62399983406,1221422330.78
9,38,46,snowshoes,snowshoes,38,no frills,-1,139.95,158.204469949,6.76,0.334,73.3193742862,341.364810535,6.76,2.41299986839,1221422333.19
9,39,11,wedding bands,wedding.bands,4,best-selling,1,19.99,901.73333534,7.08,0.302,449.860772827,1807.49924683,7.08,3.78200006485,1221422336.98
9,40,17,hair dryer,hair.dryer,21,recommended by the New York Times,1,299.99,16.6227596339,6.82,0.328,7.81093682072,35.3755438288,6.82,3.96099996567,1221422340.95
9,41,13,bathroom scale,bathroom.scale,3,award-winning,1,39.99,15.7494584488,6.34,0.376,6.62621655206,37.4339473337,6.34,4.507999897,1221422345.46
9,42,37,sports watch,sports.watch,50,previously owned,-1,24.99,15.3301666156,6.84,0.326,7.23680507563,32.4748291553,6.84,3.46599984169,1221422348.93
9,43,49,breadmaker,breadmaker,20,recommended by the New Yorker,1,51.99,164.739170546,7.23,0.287,85.0740043301,319.004548167,7.23,3.50099992752,1221422352.44
9,44,1,paper lantern,paper.lantern,41,low quality,-1,8,5.64876002378,6.28,0.382,2.34397580774,13.6129774467,6.28,4.85600018501,1221422357.3
9,45,39,aviator sunglasses,aviator.sunglasses,2,hand-made,1,129,94.7463525655,5.38,0.472,31.9567422621,280.906960129,5.38,3.29600000381,1221422360.6
9,46,6,Tennis Bracelet,tennis.bracelet,1,artisan-crafted,1,530,1485.50801717,7.57,0.253,829.611951634,2659.95935177,7.57,4.25200009346,1221422364.86
9,47,24,42 inch ceiling fan,42.inch.ceiling.fan,31,store-brand,-1,136,129.219520454,6.86,0.324,61.2813219147,272.475918351,6.86,3.16199994087,1221422368.02
9,48,48,swiss army knife,swiss.army.knife,42,bad reviews,-1,18,20.6278101176,7.02,0.308,10.1496981124,41.9230745127,7.02,2.0569999218,1221422370.08
9,49,16,hammock stand,hammock.stand,10,innovative and fashionable,1,169.99,227.73085412,5.43,0.467,77.7001531835,667.454822076,5.43,2.07999992371,1221422372.17
