2,0,10,bread box,bread.box,48,minor defects,-1,75,13.7616933091,8.29,0.181,9.0713489837,20.8771818914,8.29,71.2350001335,1221337110.2
2,1,14,window blinds,window.blinds,44,aftermarket,-1,159.99,27.01721787,7.92,0.218,16.3546262988,44.6314118157,7.92,4.65700006485,1221337114.88
2,2,13,bathroom scale,bathroom.scale,10,innovative and fashionable,1,39.73,68.5389583865,8.52,0.158,47.6362427808,98.6137558816,8.52,8.81299996376,1221337123.7
2,3,44,leather wallet,leather.wallet,40,common,-1,17.99,12.8639694494,7.9,0.22,7.75130810669,21.3488752759,7.9,5.40599989891,1221337129.11
2,4,26,life jacket,life.jacket,24,made in Germany,1,57.44,93.4766468083,7.83,0.227,55.4246711495,157.653321478,7.83,5.375,1221337134.5
2,5,28,croquet set,croquet.set,28,on sale,-1,69,149.892964872,7.73,0.237,86.8522852394,258.690958519,7.73,6.65599989891,1221337141.17
2,6,38,pearl necklace strand,pearl.necklace.strand,31,store-brand,-1,114,395.964498892,7.38,0.272,211.668508694,740.723716296,7.38,11.375,1221337152.55
2,7,6,Tennis Bracelet,tennis.bracelet,42,bad reviews,-1,32,158.204469949,6.65,0.345,71.485630173,350.121475479,6.65,6.46899986267,1221337159.03
2,8,22,egg cooker,egg.cooker,36,simple,-1,29.95,18.0243401637,7.88,0.222,10.8108383856,30.051030896,7.88,6.23400020599,1221337165.27
2,9,46,snowshoes,snowshoes,23,made in the USA,1,84.14,46.9758881671,8.14,0.196,29.9140351755,73.7691874781,8.14,3.79699993134,1221337169.06
2,10,30,dart board,dart.board,25,made in Italy,1,79.95,70.4135515486,9.06,0.104,55.4186892838,89.4656352534,9.06,6.125,1221337175.19
2,11,4,Foosball table,foosball.table,39,utilitarian,-1,250,395.964498892,8.46,0.164,271.429002084,577.638657546,8.46,5.81299996376,1221337181.0
2,12,2,car amplifier,car.amplifier,47,refurbished,-1,134.95,221.668062335,4.71,0.539,64.0771408354,766.83711568,4.71,5.71799993515,1221337186.72
2,13,16,hammock stand,hammock.stand,41,low quality,-1,44.99,58.2941534714,7.8,0.23,34.3261424159,98.9976761084,7.8,4.78100013733,1221337191.52
2,14,1,paper lantern,paper.lantern,19,recommended by Consumer Reports,1,9,13.7616933091,6.48,0.362,5.97959644471,31.6717364599,6.48,6.125,1221337197.64
2,15,45,mini trampoline,mini.trampoline,8,maintenance free,1,29.99,218.697465501,7.46,0.264,119.081350135,401.646280986,7.46,5.79699993134,1221337203.44
2,16,37,sports watch,sports.watch,49,used,-1,59.97,6.1250462868,8.09,0.201,3.85575450783,9.72992236391,8.09,4.65599989891,1221337208.11
2,17,29,pepper mill,pepper.mill,3,award-winning,1,19.99,28.9026391002,8.02,0.208,17.9034818368,46.6592227463,8.02,6.125,1221337214.23
2,18,23,salad spinner,salad.spinner,7,custom designed,1,32.99,92.2239565104,8.59,0.151,65.1393994069,130.570103991,8.59,4.57800006866,1221337218.81
2,19,19,hiking boots,hiking.boots,17,used by Michael Phelps,1,180,8816.83066776,6.63,0.347,3965.63281836,19602.5468278,6.63,4.32800006866,1221337223.14
2,20,27,rice cooker,rice.cooker,6,top of the line,1,29.96,134.55698581,7.45,0.265,73.0981271459,247.688732081,7.45,5.96899986267,1221337229.11
2,21,50,silk tie,silk.tie,32,markdown,-1,104,10.5071365172,7.71,0.239,6.06016396942,18.2173152985,7.71,6.85899996758,1221337235.97
2,22,15,inflatable kayak,inflatable.kayak,4,best-selling,1,379,130.97472643,7.99,0.211,80.5726226093,212.905803583,7.99,5.29700016975,1221337241.27
2,23,24,42 inch ceiling fan,42.inch.ceiling.fan,16,used by Tiger Woods,1,75.6,1074.60782832,6.12,0.398,429.783758989,2686.89069919,6.12,4.84400010109,1221337246.13
2,24,5,Braided Rug,braided.rug,14,newly redesigned,1,35,22.6708994104,8.33,0.177,15.0823408047,34.0775803128,8.33,4.32799983025,1221337250.47
2,25,3,tiara,tiara,50,previously owned,-1,15.95,3.81971754928,7.86,0.224,2.28050616171,6.39780869761,7.86,7.95300006866,1221337258.42
2,26,36,computer printer,computer.printer,27,bargain,-1,173.99,34.4436664577,8.32,0.178,22.8617449305,51.8930712706,8.32,4.29699993134,1221337262.72
2,27,34,basketball,basketball,20,recommended by the New Yorker,1,19.99,77.3876885229,8.5,0.16,53.539199688,111.859242757,8.5,6.79700016975,1221337269.52
2,28,7,Samurai Sword,samurai.sword,22,five-star,1,160,618.038635466,7.67,0.243,353.195876807,1081.47285971,7.67,3.75,1221337273.27
2,29,20,exercice bike,exercise.bike,26,discount,-1,449,59.0859707306,8.15,0.195,37.7124176634,92.5730078705,8.15,6.54699993134,1221337279.81
2,30,18,exercice mat,exercise.mat,38,no frills,-1,24.99,33.9820832894,8.42,0.168,23.0807544141,50.0322460857,8.42,3.73399996758,1221337283.55
2,31,12,bath pillow,bath.pillow,21,recommended by the New York Times,1,14.99,19.5440977005,7.84,0.226,11.6149040106,32.8863462477,7.84,6.0,1221337289.56
2,32,41,men's leather belt,mens.leather.belt,12,modern,1,19.99,21.7716139556,9.32,0.078,18.1924263331,26.0549728526,9.32,4.375,1221337293.94
2,33,48,swiss army knife,swiss.army.knife,46,bulk packaging,-1,95,12.8639694494,7.92,0.218,7.78708651929,21.2507861039,7.92,10.2339999676,1221337304.17
2,34,32,diamond solitaire ring,diamond.solitaire.ring,9,elegant and luxurious,1,6999,1893.84202733,5.57,0.453,667.334764787,5374.57032622,5.57,7.9849998951,1221337312.16
2,35,9,softball bat,softball.bat,18,used by Michael Jordan,1,12,756.66953714,3.53,0.657,166.688734715,3434.83792959,3.53,8.46900010109,1221337320.64
2,36,17,hair dryer,hair.dryer,15,state-of-the-art,1,12.99,79.5043012516,7.66,0.244,45.3305120663,139.441043778,7.66,3.46899986267,1221337324.11
2,37,11,wedding bands,wedding.bands,1,artisan-crafted,1,65,390.658137325,7.07,0.303,194.445042495,784.868455886,7.07,4.56200003624,1221337328.67
2,38,39,aviator sunglasses,aviator.sunglasses,2,hand-made,1,94.99,32.6341176585,7.51,0.259,17.9751231717,59.2477517498,7.51,3.79699993134,1221337332.47
2,39,35,dog bed,dog.bed,30,generic,-1,143.99,13.0387024616,8.71,0.139,9.4674795346,17.9570244922,8.71,4.51600003242,1221337337.0
2,40,40,water cooler,water.cooler,37,basic,-1,275.39,97.3377380904,7.88,0.222,58.3823066895,162.286072507,7.88,9.23399996758,1221337346.23
2,41,31,rolling chair,rolling.chair,11,all-new,1,179,124.093776075,7.83,0.227,73.5783424577,209.290733471,7.83,9.07800006866,1221337355.31
2,42,42,typewriter,typewriter,34,made in Malaysia,-1,10.49,45.1124979155,7.77,0.233,26.381341452,77.1430623374,7.77,5.32800006866,1221337360.64
2,43,21,men's dress shirt,mens.dress.shirt,13,new and improved,1,46,17.0774048791,6.74,0.336,7.87810699862,37.0187606561,6.74,2.26599979401,1221337362.91
2,44,8,legwarmers,legwarmers,29,closeout,-1,12,3.66820100063,6.38,0.372,1.55758990935,8.63879413971,6.38,9.93700003624,1221337372.84
2,45,43,sewing machine,sewing.machine,5,finest quality,1,19.99,71.3699882078,8.42,0.168,48.4747552506,105.078925937,8.42,5.71900010109,1221337378.56
2,46,25,pedometer,pedometer,35,made in Mexico,-1,24.95,31.7653119746,8.67,0.143,22.8535212361,44.1522789604,8.67,4.73399996758,1221337383.3
2,47,47,adirondack chair,adirondack.chair,33,made in China,-1,189,171.543789634,8.2,0.19,110.757973242,265.689872257,8.2,5.64100003242,1221337388.95
2,48,49,breadmaker,breadmaker,45,dented packaging,-1,67.5,24.2530088364,8.22,0.188,15.7313366485,37.3908747085,8.22,11.9370000362,1221337400.89
2,49,33,ice cream maker,ice.cream.maker,43,overstock,-1,41.99,29.2952275008,8.48,0.162,20.1742256904,42.5399401938,8.48,7.4849998951,1221337408.38
