12,0,31,rolling chair,rolling.chair,45,dented packaging,-1,109.99,111.397385999,10.0,0.01,108.861671916,113.992164452,10.0,14.9409999847,1221424845.19
12,1,36,computer printer,computer.printer,47,refurbished,-1,62.64,70.4135515486,10.0,0.01,68.810743433,72.0536938613,10.0,5.66199994087,1221424850.86
12,2,22,egg cooker,egg.cooker,23,made in the USA,1,27.99,30.096474477,10.0,0.01,29.4113950784,30.7975114246,10.0,5.12400007248,1221424855.99
12,3,9,softball bat,softball.bat,28,on sale,-1,129.99,20.078643786,10.0,0.01,19.621598054,20.5463354807,10.0,5.85700011253,1221424861.85
12,4,37,sports watch,sports.watch,2,hand-made,1,43.96,30.096474477,10.0,0.01,29.4113950784,30.7975114246,10.0,26.8880000114,1221424888.75
12,5,50,silk tie,silk.tie,27,bargain,-1,27,30.5052789027,10.0,0.01,29.8108939793,31.2158381287,10.0,4.66199994087,1221424893.41
12,6,1,paper lantern,paper.lantern,4,best-selling,1,2.95,30.096474477,10.0,0.01,29.4113950784,30.7975114246,10.0,6.57500004768,1221424899.99
12,7,48,swiss army knife,swiss.army.knife,30,generic,-1,90,30.5052789027,10.0,0.01,29.8108939793,31.2158381287,10.0,4.02300000191,1221424904.02
12,8,35,dog bed,dog.bed,25,made in Italy,1,99,39.9542055895,10.0,0.01,39.0447368358,40.8848585919,10.0,3.60000014305,1221424907.63
12,9,33,ice cream maker,ice.cream.maker,1,artisan-crafted,1,199.99,40.4969088913,10.0,0.01,39.5750867022,41.4402030775,10.0,10.242000103,1221424917.88
12,10,39,aviator sunglasses,aviator.sunglasses,38,no frills,-1,119.99,109.904538006,10.0,0.01,107.402805291,112.464543561,10.0,4.79800009727,1221424922.68
12,11,16,hammock stand,hammock.stand,10,innovative and fashionable,1,169.99,111.397385999,10.0,0.01,108.861671916,113.992164452,10.0,4.26699995995,1221424926.95
12,12,34,basketball,basketball,6,top of the line,1,18.99,40.4969088913,10.0,0.01,39.5750867022,41.4402030775,10.0,4.55399990082,1221424931.51
12,13,3,tiara,tiara,39,utilitarian,-1,34.99,7.70404392011,10.0,0.01,7.52867847061,7.88349415567,10.0,6.97600007057,1221424938.49
12,14,4,Foosball table,foosball.table,9,elegant and luxurious,1,250,140.114917364,10.0,0.01,136.925512459,143.378613053,10.0,7.44600009918,1221424945.95
12,15,5,Braided Rug,braided.rug,14,newly redesigned,1,50,25.5978284965,10.0,0.01,25.0151507824,26.1940785181,10.0,9.41000008583,1221424955.37
12,16,30,dart board,dart.board,5,finest quality,1,113.2,50.9367521678,10.0,0.01,49.777290133,52.1232215429,10.0,3.94099998474,1221424959.31
12,17,32,diamond solitaire ring,diamond.solitaire.ring,22,five-star,1,1699.99,24916.3472588,10.0,0.01,24349.1819515,25496.7235431,10.0,5.82699990273,1221424965.15
12,18,38,pearl necklace strand,pearl.necklace.strand,31,store-brand,-1,95,201.691455473,10.0,0.01,197.100397437,206.389452988,10.0,12.4499998093,1221424977.6
12,19,11,wedding bands,wedding.bands,36,simple,-1,264,100.0,10.0,0.01,97.7237220956,102.329299228,10.0,4.62199997902,1221424982.23
12,20,10,bread box,bread.box,41,low quality,-1,56.99,15.1247254531,10.0,0.01,14.7804446695,15.4770255663,10.0,9.81900000572,1221424992.05
12,21,46,snowshoes,snowshoes,21,recommended by the New York Times,1,64.99,164.739170546,10.0,0.01,160.989249207,168.576438774,10.0,4.61600017548,1221424996.67
12,22,8,legwarmers,legwarmers,50,previously owned,-1,8.99,5.00286461058,10.0,0.01,4.88898550886,5.11939629733,10.0,5.69099998474,1221425002.37
12,23,47,adirondack chair,adirondack.chair,7,custom designed,1,219,50.2541434369,10.0,0.01,49.1102194738,51.4247128121,10.0,8.36800003052,1221425010.74
12,24,12,bath pillow,bath.pillow,46,bulk packaging,-1,39.99,5.00286461058,10.0,0.01,4.88898550886,5.11939629733,10.0,6.64600014687,1221425017.39
12,25,27,rice cooker,rice.cooker,16,used by Tiger Woods,1,129.99,50.2541434369,10.0,0.01,49.1102194738,51.4247128121,10.0,5.97600007057,1221425023.37
12,26,29,pepper mill,pepper.mill,24,made in Germany,1,24.95,15.1247254531,10.0,0.01,14.7804446695,15.4770255663,10.0,6.65899991989,1221425030.04
12,27,7,Samurai Sword,samurai.sword,32,markdown,-1,11.21,201.691455473,10.0,0.01,197.100397437,206.389452988,10.0,6.38399982452,1221425036.43
12,28,17,hair dryer,hair.dryer,35,made in Mexico,-1,299.99,20.9080004128,10.0,0.01,20.4320762191,21.395010305,10.0,6.03399991989,1221425042.47
12,29,28,croquet set,croquet.set,43,overstock,-1,137.5,50.2541434369,10.0,0.01,49.1102194738,51.4247128121,10.0,11.989000082,1221425054.46
12,30,15,inflatable kayak,inflatable.kayak,17,used by Michael Phelps,1,589.93,140.114917364,10.0,0.01,136.925512459,143.378613053,10.0,4.30599999428,1221425058.78
12,31,13,bathroom scale,bathroom.scale,11,all-new,1,29.95,20.078643786,10.0,0.01,19.621598054,20.5463354807,10.0,10.371999979,1221425069.15
12,32,14,window blinds,window.blinds,33,made in China,-1,66,60.7020174187,10.0,0.01,59.3202708086,62.1159490418,10.0,3.79699993134,1221425072.96
12,33,2,car amplifier,car.amplifier,8,maintenance free,1,110.99,30.096474477,10.0,0.01,29.4113950784,30.7975114246,10.0,7.32100009918,1221425080.28
12,34,18,exercice mat,exercise.mat,40,common,-1,10.15,15.5383983127,10.0,0.01,15.1847011853,15.9003341047,10.0,4.82699990273,1221425085.12
12,35,41,men's leather belt,mens.leather.belt,15,state-of-the-art,1,35.99,50.2541434369,10.0,0.01,49.1102194738,51.4247128121,10.0,6.10700011253,1221425091.23
12,36,24,42 inch ceiling fan,42.inch.ceiling.fan,20,recommended by the New Yorker,1,69.99,142.018116969,10.0,0.01,138.785389952,145.326143871,10.0,4.0609998703,1221425095.29
12,37,25,pedometer,pedometer,44,aftermarket,-1,21.49,15.3301666156,10.0,0.01,14.9812094202,15.6872520682,10.0,8.97199988365,1221425104.27
12,38,6,Tennis Bracelet,tennis.bracelet,19,recommended by Consumer Reports,1,119,149.892964872,10.0,0.01,146.480984432,153.384420546,10.0,6.65500020981,1221425110.93
12,39,23,salad spinner,salad.spinner,34,made in Malaysia,-1,33.46,10.0903504484,10.0,0.01,9.86066603068,10.3253849035,10.0,12.9089999199,1221425123.84
12,40,44,leather wallet,leather.wallet,13,new and improved,1,75,30.096474477,10.0,0.01,29.4113950784,30.7975114246,10.0,4.86299991608,1221425128.71
12,41,49,breadmaker,breadmaker,3,award-winning,1,121,50.9367521678,10.0,0.01,49.777290133,52.1232215429,10.0,9.82299995422,1221425138.54
12,42,40,water cooler,water.cooler,49,used,-1,146.9,50.9367521678,10.0,0.01,49.777290133,52.1232215429,10.0,3.48500013351,1221425142.03
12,43,42,typewriter,typewriter,42,bad reviews,-1,116.36,80.5842187761,10.0,0.01,78.7498980097,82.4612663621,10.0,4.95500016212,1221425146.99
12,44,20,exercice bike,exercise.bike,26,discount,-1,189.99,100.0,10.0,0.01,97.7237220956,102.329299228,10.0,5.58100008965,1221425152.57
12,45,21,men's dress shirt,mens.dress.shirt,29,closeout,-1,125,40.4969088913,10.0,0.01,39.5750867022,41.4402030775,10.0,5.54100012779,1221425158.12
12,46,26,life jacket,life.jacket,12,modern,1,91.95,35.3857271942,10.0,0.01,34.5802497048,36.2099666646,10.0,4.47699999809,1221425162.6
12,47,19,hiking boots,hiking.boots,48,minor defects,-1,159.95,60.7020174187,10.0,0.01,59.3202708086,62.1159490418,10.0,7.09200000763,1221425169.7
12,48,45,mini trampoline,mini.trampoline,37,basic,-1,761.31,39.9542055895,10.0,0.01,39.0447368358,40.8848585919,10.0,10.0840001106,1221425179.79
12,49,43,sewing machine,sewing.machine,18,used by Michael Jordan,1,429,250.286543117,10.0,0.01,244.589325839,256.116465634,10.0,5.94500017166,1221425185.74
