9,0,16,hammock stand,hammock.stand,8,maintenance free,1,120,92.2239565104,10.0,0.01,90.1246829658,94.3721284175,10.0,21.9140000343,1221423316.1
9,1,46,snowshoes,snowshoes,22,five-star,1,49.95,149.892964872,10.0,0.01,146.480984432,153.384420546,10.0,14.7150001526,1221423330.82
9,2,49,breadmaker,breadmaker,35,made in Mexico,-1,27,40.4969088913,10.0,0.01,39.5750867022,41.4402030775,10.0,5.29299998283,1221423336.11
9,3,19,hiking boots,hiking.boots,45,dented packaging,-1,89,71.3699882078,10.0,0.01,69.7454089358,73.0324087922,10.0,13.5980000496,1221423349.72
9,4,38,pearl necklace strand,pearl.necklace.strand,11,all-new,1,95,1004.50736425,10.0,0.01,981.641985074,1027.90534654,10.0,4.13700008392,1221423353.86
9,5,22,egg cooker,egg.cooker,36,simple,-1,19.99,30.096474477,10.0,0.01,29.4113950784,30.7975114246,10.0,7.63999986649,1221423361.5
9,6,11,wedding bands,wedding.bands,4,best-selling,1,2711.99,198.988567232,10.0,0.01,194.459034444,203.623606393,10.0,6.64800000191,1221423368.16
9,7,31,rolling chair,rolling.chair,33,made in China,-1,248.4,100.0,10.0,0.01,97.7237220956,102.329299228,10.0,3.48600006104,1221423371.65
9,8,23,salad spinner,salad.spinner,10,innovative and fashionable,1,24.95,20.078643786,10.0,0.01,19.621598054,20.5463354807,10.0,13.2790000439,1221423384.93
9,9,45,mini trampoline,mini.trampoline,29,closeout,-1,761.31,41.0469838044,10.0,0.01,40.1126403816,42.0030908813,10.0,10.1630001068,1221423395.1
9,10,7,Samurai Sword,samurai.sword,3,award-winning,1,80,306.427773064,10.0,0.01,299.452625372,313.565392816,10.0,8.8259999752,1221423403.93
9,11,25,pedometer,pedometer,42,bad reviews,-1,21.49,14.1380861925,10.0,0.01,13.8162640604,14.4674045251,10.0,4.14499998093,1221423408.08
9,12,43,sewing machine,sewing.machine,48,minor defects,-1,129.18,198.988567232,10.0,0.01,194.459034444,203.623606393,10.0,13.8789999485,1221423421.96
9,13,20,exercice bike,exercise.bike,16,used by Tiger Woods,1,229.99,171.543789634,10.0,0.01,167.638976254,175.539557802,10.0,7.59999990463,1221423429.57
9,14,9,softball bat,softball.bat,7,custom designed,1,299.99,41.6045304583,10.0,0.01,40.6574957243,42.5736244652,10.0,6.2610001564,1221423435.84
9,15,18,exercice mat,exercise.mat,41,low quality,-1,16.95,20.078643786,10.0,0.01,19.621598054,20.5463354807,10.0,4.09400010109,1221423439.93
9,16,10,bread box,bread.box,12,modern,1,11.99,20.078643786,10.0,0.01,19.621598054,20.5463354807,10.0,13.4470000267,1221423453.39
9,17,39,aviator sunglasses,aviator.sunglasses,13,new and improved,1,16.99,100.0,10.0,0.01,97.7237220956,102.329299228,10.0,4.97499990463,1221423458.37
9,18,30,dart board,dart.board,18,used by Michael Jordan,1,10.99,50.2541434369,10.0,0.01,49.1102194738,51.4247128121,10.0,10.8220000267,1221423469.19
9,19,40,water cooler,water.cooler,27,bargain,-1,49.99,70.4135515486,10.0,0.01,68.810743433,72.0536938613,10.0,4.21700000763,1221423473.42
9,20,27,rice cooker,rice.cooker,23,made in the USA,1,99.99,60.7020174187,10.0,0.01,59.3202708086,62.1159490418,10.0,5.1779999733,1221423478.6
9,21,48,swiss army knife,swiss.army.knife,47,refurbished,-1,30.75,30.096474477,10.0,0.01,29.4113950784,30.7975114246,10.0,6.85899996758,1221423485.46
9,22,3,tiara,tiara,31,store-brand,-1,5.59,10.0903504484,10.0,0.01,9.86066603068,10.3253849035,10.0,5.36000013351,1221423490.83
9,23,1,paper lantern,paper.lantern,34,made in Malaysia,-1,2.95,9.95512860916,10.0,0.01,9.72852221627,10.187013343,10.0,9.89300012589,1221423500.73
9,24,26,life jacket,life.jacket,17,used by Michael Phelps,1,71.96,20.078643786,10.0,0.01,19.621598054,20.5463354807,10.0,6.81299996376,1221423507.55
9,25,35,dog bed,dog.bed,50,previously owned,-1,76.58,30.096474477,10.0,0.01,29.4113950784,30.7975114246,10.0,13.2020001411,1221423520.76
9,26,33,ice cream maker,ice.cream.maker,46,bulk packaging,-1,179.99,30.096474477,10.0,0.01,29.4113950784,30.7975114246,10.0,5.38800001144,1221423526.15
9,27,41,men's leather belt,mens.leather.belt,26,discount,-1,21.99,20.9080004128,10.0,0.01,20.4320762191,21.395010305,10.0,4.56999993324,1221423530.72
9,28,34,basketball,basketball,28,on sale,-1,19.99,20.078643786,10.0,0.01,19.621598054,20.5463354807,10.0,4.18899989128,1221423534.92
9,29,44,leather wallet,leather.wallet,40,common,-1,21.95,14.9220374291,10.0,0.01,14.5823703882,15.2696163317,10.0,6.45499992371,1221423541.38
9,30,6,Tennis Bracelet,tennis.bracelet,6,top of the line,1,262,106.978591353,10.0,0.01,104.543461316,109.470442856,10.0,5.22900009155,1221423546.61
9,31,8,legwarmers,legwarmers,37,basic,-1,45,10.2274090239,10.0,0.01,9.99460477214,10.4656359834,10.0,6.68000006676,1221423553.3
9,32,15,inflatable kayak,inflatable.kayak,30,generic,-1,199.99,82.7882590628,10.0,0.01,80.9037682143,84.7166453421,10.0,7.32399988174,1221423560.63
9,33,47,adirondack chair,adirondack.chair,14,newly redesigned,1,219,35.3857271942,10.0,0.01,34.5802497048,36.2099666646,10.0,15.7409999371,1221423576.38
9,34,12,bath pillow,bath.pillow,38,no frills,-1,16.99,9.95512860916,10.0,0.01,9.72852221627,10.187013343,10.0,3.8109998703,1221423580.19
9,35,5,Braided Rug,braided.rug,9,elegant and luxurious,1,50,25.2547893258,10.0,0.01,24.6799201365,25.8430489386,10.0,5.89800000191,1221423586.1
9,36,42,typewriter,typewriter,49,used,-1,119.99,79.5043012516,10.0,0.01,77.6945624092,81.356194327,10.0,13.9620001316,1221423600.07
9,37,2,car amplifier,car.amplifier,5,finest quality,1,87,30.5052789027,10.0,0.01,29.8108939793,31.2158381287,10.0,4.20600008965,1221423604.28
9,38,13,bathroom scale,bathroom.scale,32,markdown,-1,59.99,10.0903504484,10.0,0.01,9.86066603068,10.3253849035,10.0,4.38999986649,1221423608.68
9,39,50,silk tie,silk.tie,1,artisan-crafted,1,48,48.2607147943,10.0,0.01,47.162166807,49.3848512515,10.0,13.1940000057,1221423621.87
9,40,28,croquet set,croquet.set,44,aftermarket,-1,85.25,59.8885433492,10.0,0.01,58.5253136696,61.2835267271,10.0,6.2990000248,1221423628.18
9,41,37,sports watch,sports.watch,21,recommended by the New York Times,1,49.97,30.096474477,10.0,0.01,29.4113950784,30.7975114246,10.0,6.90599989891,1221423635.09
9,42,17,hair dryer,hair.dryer,20,recommended by the New Yorker,1,96.95,50.2541434369,10.0,0.01,49.1102194738,51.4247128121,10.0,5.05199980736,1221423640.15
9,43,4,Foosball table,foosball.table,19,recommended by Consumer Reports,1,120,90.988053646,10.0,0.01,88.9169126852,93.1074376772,10.0,7.28600001335,1221423647.44
9,44,21,men's dress shirt,mens.dress.shirt,39,utilitarian,-1,49.5,60.7020174187,10.0,0.01,59.3202708086,62.1159490418,10.0,5.16100001335,1221423652.61
9,45,14,window blinds,window.blinds,15,state-of-the-art,1,24.99,129.219520454,10.0,0.01,126.278125062,132.229429747,10.0,5.68000006676,1221423658.29
9,46,24,42 inch ceiling fan,42.inch.ceiling.fan,43,overstock,-1,75.6,100.0,10.0,0.01,97.7237220956,102.329299228,10.0,6.93600010872,1221423665.23
9,47,29,pepper mill,pepper.mill,2,hand-made,1,5.99,25.2547893258,10.0,0.01,24.6799201365,25.8430489386,10.0,7.03600001335,1221423672.27
9,48,36,computer printer,computer.printer,25,made in Italy,1,1026.95,120.790074743,10.0,0.01,118.04055696,123.603637021,10.0,7.52799987793,1221423679.8
9,49,32,diamond solitaire ring,diamond.solitaire.ring,24,made in Germany,1,395,1045.99895343,10.0,0.01,1022.18911037,1070.36339898,10.0,5.91299986839,1221423685.72
