0,0,43,sewing machine,sewing.machine,,,,99.99,227.73085412,6.68,0.342,103.614819553,500.520506066,6.68,64.2130000591,1221318078.49
0,1,19,hiking boots,hiking.boots,,,,39.99,105.544960088,7.21,0.289,54.2547166897,205.322952171,7.21,45.8159999847,1221318124.32
0,2,12,bath pillow,bath.pillow,,,,10.95,14.9220374291,8.5,0.16,10.3235276427,21.5689063606,8.5,28.3599998951,1221318152.69
0,3,50,silk tie,silk.tie,,,,48,34.4436664577,7.97,0.213,21.0915926478,56.2482966014,7.97,22.6430001259,1221318175.34
0,4,49,breadmaker,breadmaker,,,,67.5,176.235644057,7.71,0.239,101.646809147,305.558064213,7.71,21.1900000572,1221318196.54
0,5,30,dart board,dart.board,,,,99.95,35.8663762448,7.85,0.225,21.3642425546,60.2126165553,7.85,29.4430000782,1221318226.01
0,6,27,rice cooker,rice.cooker,,,,60,19.0237826319,8.32,0.178,12.6269038947,28.6613653388,8.32,13.4989998341,1221318239.51
0,7,2,car amplifier,car.amplifier,,,,64.22,83.9127830242,5.35,0.475,28.1078822166,250.511763945,5.35,41.5600001812,1221318281.08
0,8,35,dog bed,dog.bed,,,,23.93,76.3506080338,6.21,0.389,31.1754334185,186.987467628,6.21,23.9539999962,1221318305.05
0,9,20,exercice bike,exercise.bike,,,,189.99,156.084355339,7.51,0.259,85.9724642091,283.373591831,7.51,18.7969999313,1221318323.85
0,10,25,pedometer,pedometer,,,,14.08,16.1802182358,7.53,0.257,8.95332552792,29.240471749,7.53,29.9440000057,1221318353.8
0,11,24,42 inch ceiling fan,42.inch.ceiling.fan,,,,79.96,75.3274255686,7.04,0.306,37.2351514818,152.388826606,7.04,37.0529999733,1221318390.86
0,12,23,salad spinner,salad.spinner,,,,24.98,18.5173197131,8.45,0.165,12.6642106282,27.0756022166,8.45,12.6879999638,1221318403.56
0,13,36,computer printer,computer.printer,,,,465.21,62.3622642251,7.33,0.277,32.9550424197,118.010832751,7.33,16.0329999924,1221318419.6
0,14,42,typewriter,typewriter,,,,119.88,93.4766468083,5.47,0.463,32.1886768564,271.458299995,5.47,15.3220000267,1221318434.94
0,15,10,bread box,bread.box,,,,39.99,33.9820832894,7.16,0.294,17.2683165014,66.8728758009,7.16,16.1830000877,1221318451.14
0,16,15,inflatable kayak,inflatable.kayak,,,,329.99,901.73333534,8.27,0.183,591.668059451,1374.28917292,8.27,22.5529999733,1221318473.7
0,17,38,pearl necklace strand,pearl.necklace.strand,,,,29.99,79.5043012516,4.64,0.546,22.6146892785,279.505671719,4.64,32.2060000896,1221318505.92
0,18,9,softball bat,softball.bat,,,,12,34.9115193717,6.99,0.311,17.0595963092,71.4444915782,6.99,20.4199998379,1221318526.35
0,19,18,exercice mat,exercise.mat,,,,49.99,28.5153118177,7.36,0.274,15.1732329338,53.5893050355,7.36,13.8299999237,1221318540.19
0,20,13,bathroom scale,bathroom.scale,,,,60,23.6073302202,8.82,0.128,17.5811336336,31.6990958457,8.82,17.7149999142,1221318557.91
0,21,29,pepper mill,pepper.mill,,,,24.95,21.4798502852,7.6,0.25,12.0790074743,38.1971754928,7.6,11.256000042,1221318569.17
0,22,16,hammock stand,hammock.stand,,,,94.76,106.978591353,7.33,0.277,56.5323286423,202.440254679,7.33,31.1949999332,1221318600.37
0,23,33,ice cream maker,ice.cream.maker,,,,59.95,171.543789634,7.08,0.302,85.5805355686,343.85472779,7.08,30.5140001774,1221318630.91
0,24,34,basketball,basketball,,,,39.99,21.1919965701,7.55,0.255,11.7807211134,38.1216662635,7.55,22.1619999409,1221318653.08
0,25,21,men's dress shirt,mens.dress.shirt,,,,49.5,30.9196361734,7.85,0.225,18.4176567602,51.9080094468,7.85,22.2920000553,1221318675.39
0,26,32,diamond solitaire ring,diamond.solitaire.ring,,,,395,1843.42299241,7.14,0.296,932.448812064,3644.39128988,7.14,20.0989999771,1221318695.5
0,27,4,Foosball table,foosball.table,,,,600,441.094101251,7.77,0.233,257.947456586,754.277668536,7.77,21.1900000572,1221318716.71
0,28,44,leather wallet,leather.wallet,,,,7.95,33.9820832894,8.19,0.191,21.8902136332,52.7533446698,8.19,13.6800000668,1221318730.4
0,29,17,hair dryer,hair.dryer,,,,24.99,26.2979487696,8.79,0.131,19.4501016332,35.5567349997,8.79,11.385999918,1221318741.8
0,30,45,mini trampoline,mini.trampoline,,,,114.95,72.3394162737,8.67,0.143,52.0445191075,100.54836199,8.67,16.5039999485,1221318758.31
0,31,6,Tennis Bracelet,tennis.bracelet,,,,262,1229.82622566,8.26,0.184,805.088735131,1878.64079984,8.26,17.3450000286,1221318775.67
0,32,22,egg cooker,egg.cooker,,,,26.12,24.2530088364,7.47,0.263,13.2362702276,44.4391378769,7.47,31.9260001183,1221318807.6
0,33,48,swiss army knife,swiss.army.knife,,,,18,12.3536950042,8.4,0.17,8.35212287555,18.2724539056,8.4,8.47199988365,1221318816.08
0,34,41,men's leather belt,mens.leather.belt,,,,31.99,23.2909659246,7.9,0.22,14.0341947868,38.65338211,7.9,17.1649999619,1221318833.26
0,35,3,tiara,tiara,,,,38.99,43.911485067,6.33,0.377,18.4322403573,104.611185804,6.33,18.2860000134,1221318851.55
0,36,26,life jacket,life.jacket,,,,71.96,33.0773912299,6.64,0.346,14.9118405091,73.3721508025,6.64,17.6560001373,1221318869.22
0,37,37,sports watch,sports.watch,,,,24.99,36.3535540156,7.67,0.243,20.775279487,63.6131461139,7.67,9.27300000191,1221318878.5
0,38,39,aviator sunglasses,aviator.sunglasses,,,,129,18.7688429358,7.15,0.295,9.5156289735,37.0200925371,7.15,11.0460000038,1221318889.55
0,39,40,water cooler,water.cooler,,,,484.88,201.691455473,6.94,0.316,97.4288328625,417.529821673,6.94,11.8870000839,1221318901.45
0,40,47,adirondack chair,adirondack.chair,,,,24.95,218.697465501,6.25,0.385,90.1246829658,530.693477554,6.25,15.7829999924,1221318917.24
0,41,8,legwarmers,legwarmers,,,,28.57,28.5153118177,7.58,0.252,15.961662549,50.9422502554,7.58,27.118999958,1221318944.37
0,42,46,snowshoes,snowshoes,,,,14.95,138.237222736,7.67,0.243,78.9996195864,241.893946449,7.67,22.7019999027,1221318967.08
0,43,5,Braided Rug,braided.rug,,,,50,78.4388558145,5.79,0.431,29.0757716891,211.607594367,5.79,30.0340001583,1221318997.13
0,44,1,paper lantern,paper.lantern,,,,1,20.9080004128,6.85,0.325,9.89264671768,44.1888297173,6.85,16.6440000534,1221319013.79
0,45,28,croquet set,croquet.set,,,,49.99,33.9820832894,8.66,0.144,24.3921453907,47.3423705129,8.66,38.7649998665,1221319052.56
0,46,31,rolling chair,rolling.chair,,,,248.4,98.6598895653,6.61,0.349,44.171345147,220.363988841,6.61,18.8770000935,1221319071.45
0,47,11,wedding bands,wedding.bands,,,,99.99,290.329138226,4.71,0.539,83.9248599133,1004.36281443,4.71,20.8299999237,1221319092.29
0,48,7,Samurai Sword,samurai.sword,,,,85,1074.60782832,5.36,0.474,360.786268527,3200.73707185,5.36,23.4040000439,1221319115.7
0,49,14,window blinds,window.blinds,,,,53.94,45.7252669897,5.0,0.51,14.1304583729,147.964063593,5.0,25.4570000172,1221319141.17
