1,0,45,mini trampoline,mini.trampoline,,,,69.99,108.431695824,7.5,0.26,59.5876488768,197.313249991,7.5,34.4739999771,1221320500.66
1,1,6,Tennis Bracelet,tennis.bracelet,,,,300,1018.15172172,6.95,0.315,492.960929664,2102.87036164,6.95,30.4139997959,1221320531.07
1,2,9,softball bat,softball.bat,,,,23.99,77.3876885229,7.15,0.295,39.234839016,152.641236338,7.15,29.1959998608,1221320560.27
1,3,41,men's leather belt,mens.leather.belt,,,,358,34.4436664577,7.68,0.242,19.7291954396,60.1325159297,7.68,45.5569999218,1221320605.84
1,4,15,inflatable kayak,inflatable.kayak,,,,91.99,129.219520454,8.01,0.209,79.8597828588,209.087526521,8.01,20.7430000305,1221320626.59
1,5,31,rolling chair,rolling.chair,,,,109.99,71.3699882078,8.06,0.204,44.6185677112,114.16043764,8.06,50.0559999943,1221320676.65
1,6,19,hiking boots,hiking.boots,,,,50,93.4766468083,7.06,0.304,46.4197850399,188.236190474,7.06,43.6949999332,1221320720.35
1,7,34,basketball,basketball,,,,6.99,21.4798502852,8.54,0.156,14.9979275038,30.7631816566,8.54,18.4330000877,1221320738.79
1,8,32,diamond solitaire ring,diamond.solitaire.ring,,,,475,1004.50736425,7.04,0.306,496.538725308,2032.13766301,7.04,55.5190000534,1221320794.31
1,9,11,wedding bands,wedding.bands,,,,160,1998.85481187,7.08,0.302,997.197658328,4006.64855716,7.08,62.256000042,1221320856.57
1,10,20,exercice bike,exercise.bike,,,,242.99,166.976844665,7.77,0.233,97.6464030416,285.532961642,7.77,32.5850000381,1221320889.16
1,11,18,exercice mat,exercise.mat,,,,10.15,44.5079406236,7.53,0.257,24.628473805,80.4335986969,7.53,22.7210001945,1221320911.89
1,12,2,car amplifier,car.amplifier,,,,159.99,122.430782433,7.94,0.216,74.4544440316,201.321716684,7.94,44.5780000687,1221320956.47
1,13,14,window blinds,window.blinds,,,,39.99,87.3788349853,7.57,0.253,48.7984749901,156.461053443,7.57,23.5610001087,1221320980.04
1,14,13,bathroom scale,bathroom.scale,,,,29.95,23.9279917343,8.88,0.122,18.0678405822,31.6888333075,8.88,18.5749998093,1221320998.62
1,15,47,adirondack chair,adirondack.chair,,,,299,98.6598895653,6.99,0.311,48.2103878086,201.902001861,6.99,53.743999958,1221321052.37
1,16,7,Samurai Sword,samurai.sword,,,,130,4255.06550247,5.52,0.458,1482.19809243,12215.3594197,5.52,57.2919998169,1221321109.67
1,17,37,sports watch,sports.watch,,,,49.97,88.5657133515,7.42,0.268,47.7821431437,164.159350447,7.42,22.6340000629,1221321132.31
1,18,16,hammock stand,hammock.stand,,,,159,77.3876885229,7.21,0.289,39.7806499958,150.546920061,7.21,39.4279999733,1221321171.74
1,19,24,42 inch ceiling fan,42.inch.ceiling.fan,,,,89.6,90.988053646,7.47,0.263,49.6574455427,166.718722959,7.47,16.9760000706,1221321188.72
1,20,1,paper lantern,paper.lantern,,,,12.99,16.1802182358,7.38,0.272,8.64936799613,30.268045281,7.38,18.7590000629,1221321207.48
1,21,46,snowshoes,snowshoes,,,,14.95,87.3788349853,7.63,0.247,49.4773293991,154.314327311,7.63,26.7730000019,1221321234.26
1,22,8,legwarmers,legwarmers,,,,28.57,24.5824406892,7.94,0.216,14.9494426,40.4226703569,7.94,29.5859999657,1221321263.85
1,23,49,breadmaker,breadmaker,,,,121,87.3788349853,7.66,0.244,49.8202898621,153.252034954,7.66,42.5780000687,1221321306.44
1,24,4,Foosball table,foosball.table,,,,380,142.018116969,8.55,0.155,99.3902424478,202.928829336,8.55,24.0390000343,1221321330.48
1,25,26,life jacket,life.jacket,,,,136,20.9080004128,8.36,0.174,14.0059476902,31.2113461317,8.36,18.5859999657,1221321349.07
1,26,36,computer printer,computer.printer,,,,99.99,122.430782433,7.92,0.218,74.1123569349,202.250975507,7.92,22.364000082,1221321371.44
1,27,3,tiara,tiara,,,,17.99,12.8639694494,8.03,0.207,7.9868402884,20.7192962447,8.03,25.8339998722,1221321397.28
1,28,50,silk tie,silk.tie,,,,35,38.8905199928,7.21,0.289,19.991424909,75.6560651475,7.21,40.0409998894,1221321437.33
1,29,5,Braided Rug,braided.rug,,,,35,34.4436664577,7.67,0.243,19.6838195492,60.2711356951,7.67,21.8650000095,1221321459.2
1,30,43,sewing machine,sewing.machine,,,,399.99,85.0525815444,7.62,0.248,48.0493481177,150.55233652,7.62,26.1779999733,1221321485.38
1,31,35,dog bed,dog.bed,,,,99,80.5842187761,8.09,0.201,50.7282639603,128.011798725,8.09,15.5010001659,1221321500.89
1,32,40,water cooler,water.cooler,,,,58.47,129.219520454,8.01,0.209,79.8597828588,209.087526521,8.01,27.868999958,1221321528.77
1,33,27,rice cooker,rice.cooker,,,,54.99,50.2541434369,7.06,0.304,24.9558217518,101.197987295,7.06,19.4100000858,1221321548.18
1,34,23,salad spinner,salad.spinner,,,,24.99,22.6708994104,8.31,0.179,15.0130437433,34.2348752767,8.31,16.0,1221321564.19
1,35,28,croquet set,croquet.set,,,,39.99,63.2093391751,7.16,0.294,32.1204225598,124.388791944,7.16,37.6630001068,1221321601.86
1,36,22,egg cooker,egg.cooker,,,,24.99,47.6139679195,6.78,0.332,22.1684013208,102.266731292,6.78,29.7369999886,1221321631.6
1,37,44,leather wallet,leather.wallet,,,,59.95,49.5806824168,6.97,0.313,24.1164011907,101.932458723,6.97,30.6720001698,1221321662.28
1,38,30,dart board,dart.board,,,,24.99,55.2315841731,7.42,0.268,29.7980263597,102.373487876,7.42,24.1500000954,1221321686.43
1,39,42,typewriter,typewriter,,,,39.99,176.235644057,7.62,0.248,99.5620316078,311.95629232,7.62,18.9530000687,1221321705.39
1,40,48,swiss army knife,swiss.army.knife,,,,13.5,46.9758881671,6.37,0.373,19.9010045959,110.885561503,6.37,11.3110001087,1221321716.71
1,41,38,pearl necklace strand,pearl.necklace.strand,,,,229,1018.15172172,6.97,0.313,495.236333931,2093.20854997,6.97,14.7070000172,1221321731.42
1,42,29,pepper mill,pepper.mill,,,,29.99,20.9080004128,8.5,0.16,14.4648022256,30.2212553234,8.5,27.8079998493,1221321759.23
1,43,10,bread box,bread.box,,,,29.99,31.3396217142,8.02,0.208,19.4130489671,50.593386482,8.02,28.9769999981,1221321788.21
1,44,25,pedometer,pedometer,,,,1.95,22.9788412599,8.16,0.194,14.700365233,35.919321546,8.16,23.3929998875,1221321811.61
1,45,17,hair dryer,hair.dryer,,,,129.99,45.7252669897,8.18,0.192,29.3870674653,71.1469439319,8.18,68.5929999352,1221321880.21
1,46,12,bath pillow,bath.pillow,,,,71.24,24.2530088364,7.92,0.218,14.6813375845,40.0650440899,7.92,34.381000042,1221321914.6
1,47,21,men's dress shirt,mens.dress.shirt,,,,40,33.9820832894,6.6,0.35,15.1792390325,76.0764081926,6.6,45.4779999256,1221321960.08
1,48,33,ice cream maker,ice.cream.maker,,,,59.99,33.9820832894,7.62,0.248,19.1977353313,60.1519900529,7.62,15.1749999523,1221321975.26
1,49,39,aviator sunglasses,aviator.sunglasses,,,,129,50.2541434369,6.08,0.402,19.9146131744,126.815364701,6.08,43.0230000019,1221322018.29
